2392778
2350124
2331619
1568
2351423
2375154
2409617
2390624
2342307
2390804
2352790
2363288
2357379
2342699
2345079
1592367
2343347
2341981
2324129
2414918
2414252
2352708
2414137
2328186
2386621
2414586
2383366
193
2316001
2363470
2343285
2408833
2330212
2355967
2328003
2332082
2331276
2358828
2384483
2403855
2366936
2342062
2054
2374341
2411539
2376119
2350034
1591931
2417454
2347773
2388755
2358063
2349580
2336837
2346911
2360809
2317016
2372479
2375756
2400935
2389864
2335302
2390784
1592474
2340578
2399062
2355827
2341166
2349370
2407796
2336980
2350058
1592180
2414746
2410173
1592326
2331775
2326057
2869
2342157
2377062
2377856
2340667
2374030
2400100
2411045
2332142
2349929
2399213
1593149
2407118
2394134
2322899
2317765
2392527
3494
2391988
2349604
107900
2354397
3350
2381015
2404225
2316952
2321008
2391318
2324141
2403537
2391261
2321823
2341191
2371307
2369605
2358510
2326342
2415906
2325823
2348026
2379859
2350929
2356997
2375457
2360303
2359946
2356292
2413668
2414287
2364434
2383333
2403572
2393779
2357141
2364989
2402092
2354560
2402086
2375071
2399433
2339845
2327103
2408218
2350704
2369022
2366633
2332092
2403642
2352947
2357884
2318818
3378
2327349
2417590
2334114
2351495
2367662
2357921
2333641
2316954
1698
2359870
2371996
2344801
1160160
2347584
2363207
2403849
2322545
2333430
2346099
498034
2365860
2397218
2334493
2387381
4417
2412464
2380104
2249
2411114
2352953
2410193
2397383
2342537
2399042
2395357
2353160
1592077
2356558
2344931
2379466
2375692
2323490
2405138
2374355
2315368
2356528
2388244
2417134
553
2329145
2383328
2388164
2316260
2368795
2416488
2321984
2365665
2376338
2329885
2412243
2348306
2349982
2317187
2331395
2407610
2341737
2380108
2388680
2349490
2395744
2401913
2389358
2391266
2331300
2349934
2338849
2362176
2351214
285857
2393149
2326555
2360605
2323632
2390907
2319870
2342663
2409640
2396736
2324264
2324785
2409695
2350512
2393444
2392150
2354248
2336809
2341905
2339925
2356806
2334981
2388360
2384147
2335098
4867
2395975
107899
1383
2346143
2356919
2395150
2351589
2324840
2343429
2372733
4001
2369816
2336448
2318280
527
2325592
2395394
2345857
2381291
2367378
2345387
2368274
2356032
2322989
2321449
2334223
2344619
2325690
2401876
2343506
2330259
592
2384496
2329055
2322064
2416234
2356355
2353227
2331403
2357253
2368187
2353036
2364111
2396150
2394374
2381493
2367396
2360795
2334030
2339236
2367511
2395094
2390408
2377112
285751
2385112
2401659
2317218
713279
2395277
2407528
2364638
2328345
2365128
2325887
2321394
2347158
2351144
2388175
2382152
2402262
2331632
2355245
4291
2331676
2332788
2341518
2382809
2361324
2380694
3234
2364098
2947
2336132
2375226
2339637
2369756
2323374
2335198
2344984
2374360
2325177
1591860
2344933
2326990
2359118
2410857
2377368
2413818
2328169
2387127
2409626
2322229
2375032
2353284
2396731
2392348
2318489
2344286
2374989
2381346
2366838
2389034
2399533
2380339
2334856
2370532
2359001
2374627
2322793
2329652
2382120
2405130
2370891
2362567
2372310
2395022
2356087
2411916
2377
4400
2316831
2326121
2350339
2375269
2382179
2351147
2345683
2388584
2406571
2407214
2346526
2334412
2383636
2365867
2319755
2377620
2344130
2340672
2329181
2355689
2335824
2389218
2323415
2412560
2386006
2345545
1592748
2367824
2366829
2374079
2350752
2404808
2388671
2335682
4233
2378985
2369445
2370576
2323253
4723
2383522
2369720
2370227
2407859
2384113
2350398
2353394
2317545
2346802
2325343
2322324
2389678
2320812
550
2333038
2415066
2364525
2366062
2382234
2340875
2343009
2370975
2345047
2379116
2358908
2355666
1593265
2352849
2409145
2341469
2327965
2409051
2329857
2316312
1593019
1592996
2341938
2395289
4976
2356491
2377711
2340429
2328907
2403198
2662
2376334
2356201
2392865
1159817
2370212
1160210
2385595
2374506
2394745
2316597
2410293
2378720
2414420
2401084
2404559
2407726
2324573
2413275
2373637
2326596
2323736
2387067
2380405
2404281
2333275
4397
2411962
2406345
2321677
2325427
2366414
2363600
2358372
2373332
2374285
2315856
2401862
2357748
2348116
2388052
2355947
2401217
2413846
1086
2417804
2371818
2358149
2331030
2329289
2366462
2323036
4628
2334263
2320858
2356389
1591993
150301
2344307
2371424
2411950
2405193
2364594
2406974
2344795
2370998
2344237
2367431
2338202
2360143
2396620
2413414
2383088
2596
2376251
2387320
2415028
2385679
2399107
2382732
2392460
2337318
713673
2407707
2355481
2377280
2337909
2348422
2376358
2322100
2360530
2374591
2351594
2417194
1228
2351098
2390587
2372937
2338482
2356136
2358221
150478
2323895
2318139
2393771
2325862
2341582
2399875
2358911
2398165
2350839
2378988
2386224
2401751
2365308
2337618
2384657
2401279
2327530
2374956
2317897
725
61591
2411030
2367324
2392053
2323911
2412741
2355568
2367130
2321254
2375827
2386609
2343289
2342225
2392632
4096
2354186
2417511
2391684
2397871
2406816
2402205
712950
2324441
2321745
2372089
2413878
2408060
2325253
2374562
2366915
2346988
2327347
2408632
2401496
2334390
2406336
2325921
2361661
2338459
2409578
2362138
2323843
2323449
2375400
2360208
2394289
2345167
2369103
2392162
1592121
2406770
2348032
1247
2413990
2325224
2366071
2416734
2319935
2415095
2362527
2391447
2416096
2318175
2392989
2373575
2349079
2363717
2389648
2340203
2342177
2327713
2404846
2367677
285921
2384865
2363687
2362496
2328849
2343597
2337671
2338587
2398817
286025
2397816
2335037
2318904
2372677
2407471
2372727
2391158
2403269
2396257
2344789
2374774
2349614
2378833
2343899
2366491
2340606
2355698
2353520
2353384
150534
2324374
2333582
713720
2401759
2416889
2371514
2346423
2326073
2401919
2372462
2389474
2350531
2410366
2340726
2397693
2358689
2321647
2404418
2369147
1592360
2373110
2372177
2329094
2340314
2400878
2318579
2410179
2393069
2372137
2399173
2376258
2415082
2402000
2366551
2346813
2389705
2359726
2358374
2372828
2360015
2405599
2335048
2380350
2328939
2347119
2405017
2405334
2355288
2395901
2350491
2356873
2373680
2335913
2367236
2321258
2409887
2350449
2364304
2351021
2394877
2394717
2356926
2382299
2380180
2387937
2341499
2346054
2320392
2387774
2414264
2330670
2350227
2393219
2403585
2408800
2330984
2356929
2328721
2329159
2323681
2399071
2362751
2360583
2318119
2343226
2387983
2391152
2347338
2365645
2363148
2400857
2341934
2350430
2403765
2397129
2350120
2342859
2359478
2361459
2321363
2368501
2335958
2353202
2337231
2326598
2371985
2366258
2375077
2404097
2317249
4047
2323116
2412683
2372226
2352767
2403315
2353302
2362037
2340715
2372654
2356643
2340952
2367627
2360406
2382928
2338997
2349596
61538
2333601
2323092
2328740
2338479
2334683
2365976
2321020
2414369
2417932
2404069
2377783
2381060
2316815
2321099
2375346
2333332
2318652
2330606
2388780
2362141
2388777
2396256
2364789
2318540
2379549
2342483
2341659
2387412
2369491
2368259
2395498
2391239
285997
2404114
2387498
2318
2416829
2368272
2385032
2345180
2403157
2409107
2376211
2395587
2343076
2363030
1592664
2351701
2408773
1377
2353122
2347045
2412160
2399994
2397938
2401276
2399865
2370878
1592377
2329458
2403311
2363141
2396756
2395398
2351148
4157
2365443
2324262
2413902
2375137
2340527
2406372
2332783
2329012
713320
2352279
2361731
2327709
2405644
2398917
2399989
2412155
2382554
2362382
2400707
713641
2329705
2318101
2409627
1160124
2398113
2400750
2388189
2334221
2341178
2407757
2384209
2370747
2379426
2357776
2330065
2400761
2378516
2350962
2326135
2320027
2326566
2318103
2377318
2384440
2366172
2333955
2386389
713647
2374178
2377517
2364267
2369643
2315456
2383310
2317217
2351534
2367985
2364827
2329095
2390369
2388909
2399578
2396009
2341759
2326993
4404
2408894
2402424
2334410
2415016
2396969
2330696
2414837
2400728
2374708
1159677
2343376
2363331
2402939
2394659
150452
2376351
2350103
2332303
2409321
2394080
2366710
2359461
2331997
2381850
2525
2366646
2349557
2410819
2379824
2359615
2391506
2317770
2408516
2338315
2369602
2355983
2372638
2341971
2344775
1081
2127
2368347
2323322
2405030
2364781
2382166
2402048
2371660
2337344
2412450
2345504
2372378
2374132
2399630
2378722
2387977
2377661
2365429
2324499
1592665
2369676
2409050
2402537
2810
2332016
2341726
2100
2320268
2360368
2363437
2395530
2402647
2366909
2399570
2370794
2373201
2368025
2412122
2346986
2352686
2346249
713789
2341455
267
2361796
2341084
2317872
2365503
1159898
2379344
2325560
2338874
2358224
2380601
2360174
2363857
2391689
2326858
2367689
2347443
2341046
2417324
2318058
2409935
2395751
2347839
2356562
2412820
4672
2386488
2378265
2373284
498393
2407984
2378387
2320978
2396157
2410125
2330519
2406257
2335286
2345509
2337395
2186
2339157
2408462
2327368
2322413
2336902
2407131
2390610
2385480
2378382
2346896
2373064
2349585
2381483
2355497
2407753
2400117
2360106
2413613
2333825
2403861
2400208
2415058
2398376
2414676
2342608
2348317
2337529
1592685
2378181
2379161
2364405
2351024
2359382
2377002
2370732
2323555
2316586
4683
2400362
1159436
2366058
2379877
2362825
2374303
2344056
2410702
2363185
2338968
2398602
823
2375446
2334073
2395169
2328666
2341109
2316681
2341860
2338391
2315735
2355082
1159793
2375882
2354477
2335453
2326874
2373309
2324030
2412514
2378439
2322321
2355291
2380479
2372330
2379964
2382159
2406091
2319353
1592555
2318590
2367595
2405585
2370516
2321814
2367106
2354492
2396500
2375485
3697
2402017
3172
2401147
2373132
2328920
2319614
2414591
2390183
713176
2331117
4250
2353960
2366605
2372351
2348689
2345082
2413873
2397814
2378682
2404251
2367046
2338365
2341414
2316223
2326245
2380664
2337001
2345968
2362677
2394879
2335017
2353363
2414050
1901
2389318
2336288
2371808
2372956
2355042
2415029
2370415
2361004
2375398
2318426
2385522
2332792
2324809
2364154
2376202
2348655
2371820
2395626
2315988
3160
2369804
2319984
780
2412904
2347187
2398982
2408429
2417903
2356485
2326934
2374896
1159288
2342637
2389908
2356853
2379515
2382630
2412740
2359681
2397113
2368676
2395490
2340279
2410335
2345422
2412744
2365994
2371297
2365041
2328360
2392221
2326846
2390178
2393568
2359743
285927
150359
2376642
2373809
2404680
2360279
2365611
2318730
498167
2346752
2328862
2370004
2407093
2384855
2347384
2321019
2352539
2374333
2399859
2343629
2390165
285841
2404290
2352804
2368852
2365989
2349481
2415310
2384800
285655
2414062
2343757
2329184
2412895
2389473
1592132
2380106
2359332
2341886
2394871
2353737
2414414
2362653
2322365
2343939
2352414
2374029
2345874
2330894
2345682
2316170
2377733
2347446
2411242
2318812
2373491
2404881
2362704
2362922
2343346
3290
2367142
2336711
2385109
2342569
2374870
2417110
2320355
2400696
2374001
2406245
2382022
2377850
2353506
2335866
2333286
2322520
2404140
2386834
2320051
713660
2398735
2346658
2380135
2358981
2404198
2374548
2329902
2359544
2359667
2367313
2347174
2411575
2396828
2328410
2381650
2367010
2916
2360244
2326164
2330151
2344060
2374530
2405061
2328513
2371639
2354991
2344965
2404197
2323085
2391185
2404688
2347744
1160145
2410227
2355160
2359078
2365932
2365449
2347678
2411751
2365995
498370
2326822
2417042
713264
2337416
2344065
2327432
2369506
2395748
2331311
2381580
2334203
2405417
2358617
2366552
2325797
2357496
2356274
2408659
2412142
150320
2329083
2396275
258
2413359
2413747
2328703
1593084
2328873
2317555
2406231
2322078
2414883
2339120
2402952
2416233
2397006
2417629
2404958
2375963
2416500
2398757
2340770
2369659
2378630
2329106
2393296
2372577
2340323
2326393
2377601
2353603
2324112
2358903
2370007
2381648
2338895
2351090
2399434
2354512
2400430
2400480
2324065
2322905
2355849
2373336
2368355
2417516
2340326
2326416
2411542
2330414
2373139
2330105
2389919
2387168
2377220
2378143
2315697
2383633
2364666
2398096
2325627
2404274
2394792
2400905
2412271
2326120
2406059
2415587
2347964
2415745
2354563
2378081
2328087
2417148
2360435
2377586
2367990
2408661
2370010
2364398
2413409
2346078
285826
498088
2321191
2365053
2375826
2351723
2385899
3873
2363472
839
892
2321060
2341911
2341801
2352194
2317379
2319227
2412476
2316162
2345738
713566
2398066
2356521
2374109
2351247
2319277
2417149
2334198
2363107
2375772
2322623
2328422
2317818
2406809
2361039
2340830
2352112
2406973
2378573
2411258
2339802
2327514
2323426
2323222
2373871
2388941
2365928
2340829
2389277
2405870
2381725
2417598
2417463
2408931
2375368
2411614
2322253
2379203
2365639
2381573
2411239
2417685
498386
2339756
2415138
2338931
2377931
2340881
2412050
2369918
2408409
2355114
2368982
2350935
2405892
2412930
2401824
2334222
2369420
2376341
2390576
2361132
2322168
2371060
2380092
2370893
2359366
2332223
2398342
2352048
2405052
2353092
2389090
2376387
2411727
2354849
2408643
2352020
2406489
2408209
2403224
2378235
2406367
2344206
2315599
2341199
2381467
2383691
2397382
2326350
2417439
2379790
2378736
2400170
2358113
2342703
2366724
2361705
2386035
2350924
2384314
2360320
2400775
2334896
2326567
2404874
2349766
2369464
2399303
2368507
2367494
2334967
2377805
2413493
2400516
2316912
2358622
2333109
2349822
285842
2350114
2362091
2412526
2329815
2412275
2318751
713206
2332175
2378952
2402351
2352883
2383864
2416935
2414458
2370245
2359740
2343028
2415386
2412344
2341343
2350101
2377674
2348995
2319219
2318861
2387725
2319751
2320094
2375073
2359371
2399496
2394287
2367256
2376974
2363456
2399453
2321147
2352029
2316688
2408027
2359759
2363229
2334825
2346079
2352652
2331187
4826
2417569
2343763
2353692
2379269
2333069
2331269
713573
2402081
2395576
2323572
2343473
2362772
713624
2320683
2350556
2331507
2356895
2378307
2406849
2405685
2356140
2387108
2400120
2409122
2380322
2390184
2366174
2367484
2403650
2336475
2342439
2359573
2318887
2393151
2330582
2391909
1159616
2411032
2390186
2328480
2344628
2350377
2316539
2368138
2318218
2316275
2367080
2316378
2415131
2393045
2373597
2413845
2330851
2375549
4574
2400872
2361461
2358078
2316191
2416329
2382210
2347888
2402316
2335066
2337445
1577
2390765
2399632
2333566
2317363
2395560
2317326
2370918
2382778
2381022
2388579
285861
61565
2387590
2343297
2338156
2391630
2368847
2336573
2400197
2363126
2332135
2319274
2323801
2334627
2384573
2318770
2412252
2357032
2398195
2359756
2014
2321620
2325600
2391179
713111
2387024
2417810
2375065
2345383
285743
2367164
2355009
2317178
2347813
2403074
2319483
2379624
2317086
2401806
1592113
2365219
2410979
2391386
2394753
2342336
2411139
2377313
2341143
2394422
2339327
2411932
2372628
2375356
2406867
2321688
2367611
2404811
2352566
3502
2339604
2417805
2396991
2323932
2336149
2409728
2372118
2338021
2407837
2406254
2399403
2397407
2360499
2404348
2335584
2345770
107971
2377448
2385070
2405757
498068
2387995
2349344
2407475
2331974
2344557
2359645
2404786
2393304
2336530
2373905
2341842
2387311
2325013
2372792
2403495
2395242
2353598
2378071
2346104
2381010
2387495
4543
2157
2324962
2335256
2361504
2340131
1159294
2353758
2374085
2404342
2379765
2408581
2416256
2416424
2337548
2351018
2333560
2396404
2397884
2374097
2337069
2348696
2356771
2378542
2406276
2376761
2370689
1592349
2371610
2319733
2326929
2327436
2407081
2321941
2367989
2343850
2352880
2346934
2339856
2323651
2334812
2317315
2352160
1591800
2406757
2364024
2332525
2408658
2342052
2381471
2382199
3023
2327974
2406470
2362640
2342954
1592130
2335448
2319226
2381885
2341471
2338435
2408622
2405253
2351641
2413001
2393501
2412369
2407576
2363497
2398268
2409592
2324307
2404040
2336268
2389036
2331746
2409225
2347892
2416574
995
2326009
2373891
2387323
2354897
2377405
2380069
2364123
2331916
2402957
2367314
2356637
2338379
285866
2344193
2384510
2352602
2380673
2319696
2341047
2328843
2332982
2403293
2362301
2403778
2357718
2340614
2349075
2392475
2319965
2381922
2375341
2333861
2404812
2342100
2375614
2344692
285807
2360073
2375301
2361406
2361554
2399190
2394956
2352988
2403056
2338473
2394760
2366741
2366380
2386057
2340130
2347901
2398027
2396165
2399638
2337237
2381669
2406906
2417061
2354815
2326586
2373074
2321886
2388533
2338597
2361423
2331171
2357628
2360145
2384294
2350223
2370161
2408671
2388678
2322097
2390325
2395513
2359967
2414908
2315955
2416360
2375537
2349595
2341309
2356539
2281
2409752
2355714
2384023
2316027
2392524
2358795
2379205
2333557
2413930
2338582
2363823
2396197
2349671
2363026
2381965
2397380
2366180
2328835
2384950
2344950
2360105
2384183
2325150
107939
2330257
2396424
2361627
599
2316769
2360570
2411254
150313
2349805
2409347
2379671
2400711
2344900
2411510
2319871
2392558
2373100
2362359
2368799
2362401
2350749
2375515
2325642
4841
2414627
2343798
2346817
2327848
285608
2342964
2359610
2322519
2406304
2351801
2381562
2395998
1592383
2358555
2387105
2351512
2343402
2414165
2416704
2320560
285674
150282
2360359
2343191
1592242
2350016
1922
2372050
2352045
2345229
2326923
2325124
2336224
2337918
2386030
2404462
2403782
2320394
1949
2324438
2323695
2366137
2406247
2400798
61568
2349767
2328114
2343602
2355020
2332310
2410464
2403864
2361573
2344587
1593083
2412682
2379107
2416468
2339917
1756
2330173
2383254
2388594
2414521
2349590
2394646
713396
2398481
2339848
2415798
2328909
2375293
2417382
2325138
2346466
2395923
2325563
2365548
2381130
4003
2405371
2380487
2349109
2358451
2332116
2328884
362
2386433
2349306
2323865
2407994
2349129
2328442
2356867
2319343
2385390
2344743
2416154
2368228
2382931
2410713
2353507
2317769
2343195
2344784
2362688
2386376
2348761
2394495
2334016
2338078
2403125
2416558
1995
2322605
2329021
2371085
2341387
2376282
2318217
2398088
2411162
2392110
2385406
1593257
2411122
2363510
2384012
2416323
498250
2417192
2345806
2396003
2404435
2375989
2406185
2357525
2378801
2347264
2383534
2382564
2330877
2415566
2402698
2393989
2356743
2408935
2342521
2352736
2330014
2387016
2323972
2345378
2368110
2364610
2344202
2415183
2327803
2323128
2362312
2388086
3382
2369519
722
2343818
2354772
2346435
2364360
2349834
2340448
2735
2292
2363033
2387240
2395270
2405803
2343043
2414286
2407415
2367347
2335247
2398521
2376195
2317481
2345031
2348746
2399387
2325004
2343895
2398123
2352387
2410506
2376275
2355404
2321665
2352783
2398540
2366042
2318417
2348898
2324387
2332063
2366794
713832
2392423
2385566
2343135
2410349
2410801
2317859
2394322
2341216
2320739
2355927
2341567
2347069
2346468
2371426
1592682
2341707
2390880
2355977
1159684
2347619
2336960
2402221
2407745
2379732
2323276
2371959
2319599
2358793
2393856
2329406
2402833
2400693
2383884
2400578
2374734
2366221
2369505
2320111
2364116
2365563
2334145
2341358
2406303
2365295
3442
2380836
2385117
2394662
2326358
2390216
2390524
2326670
1159668
2393687
2350938
2386878
4832
2335416
2333154
2319445
2345862
2333994
2336899
2335673
2360944
2339297
2374216
2374223
2416809
2403706
2345015
2343940
2333552
2329274
2348959
2394831
2382312
2321960
2349602
2400263
2339735
2395979
2361117
2395496
2387335
2355731
2362002
2336257
2400530
713521
2337890
2317799
57
2361353
2412893
2381231
2352336
2368119
2414701
2342991
2354823
2398206
2331856
2329777
2340498
2338701
2362154
2333451
2322470
2390090
2346467
2332173
2386105
2406797
2384444
2363428
2327581
2397321
2328942
2405218
2339969
4081
2334849
2379953
2408764
2389329
2365747
2328894
2342557
2371957
2325315
2317332
2344593
2403783
2363749
2409508
2415919
2410410
3159
2331243
2374856
150261
2364159
2389309
2317510
4989
2321297
2416343
2342431
2352409
2327558
1593204
2326319
2404378
2401163
2410282
2345098
2330425
2360156
2387580
2396180
2377497
2372390
2417106
2341517
2367395
2368455
713754
2413094
2323332
2361605
2319152
2413917
2338040
2404440
2382661
2372097
2396067
1886
2337949
2381793
1159559
4573
2374914
2416919
2374655
2414587
2403919
2388018
2322454
2341515
2347265
2345721
2358276
2379324
1160004
2338679
2339305
2378734
1593184
2387308
2383659
2352938
2384266
2402689
2344257
2355549
2382093
498244
2369587
2382614
2393664
2408075
962
2409928
2377459
2401235
2356602
2390903
2339308
2349768
2341980
2403397
2403521
2323817
2386802
2399316
2396012
2417095
2318541
2392033
2406265
2407735
2323470
2387080
2400240
2327492
2376784
2360013
2399047
2395342
2414003
2412231
2316339
2397788
2333087
2407338
2331431
2369837
2327186
2342578
2323877
2368364
2403791
2395710
2389924
497937
2339461
2384324
2364085
2339709
2366714
2321121
2395460
2332774
2378
2392835
2413619
2401426
2361076
2395661
2409006
2397934
2413710
2343351
61515
2342534
2339462
2414145
2338140
2366077
2321783
2351027
2348721
2397847
2401015
2417946
2373399
2330204
2393279
150433
2365471
2339093
2403137
2377799
2406561
2389826
2345419
2369815
2358815
2329269
2370229
2387711
2361777
2397193
2349428
2417049
2343229
2378149
2338696
2370059
2380436
2343728
2343992
4749
2344231
2394945
2403983
1159489
2402515
2375848
2332065
2385503
2409829
2374709
2334850
2350396
2388692
2369233
2342855
2385593
2383262
2413596
2400285
2328356
2348587
2412310
2386520
2319401
2412942
2379389
2405475
2401974
2316490
2417622
2389862
2318434
2343877
2371900
713777
2358157
2413929
1593001
2334720
2372652
2398983
2355819
2377273
2412213
2372344
4736
2363982
2375000
2402871
2403194
2396725
2369597
2383399
2378236
2416428
2348938
2375529
2382261
2384980
2368771
2382646
2349085
2364465
2388682
1159284
2405831
2344731
2325988
2411516
2354508
1592668
1434
2334324
2333537
2405573
2362694
2381168
2385622
2326401
2322777
2362207
2385575
2415652
2354882
4950
2366703
2358018
2317743
2380729
2370766
2403226
2363459
2342218
2356052
2416238
2367200
2343862
4473
150267
2329819
2382034
2398715
2407795
2416510
2392178
2360152
2380882
2357322
2327482
2387294
2379654
2362298
2416640
2317862
2387816
2338683
2332537
2377328
2344304
2354313
2352877
2340966
2342558
2396170
2345540
2411283
2320456
2395300
2361243
2347556
2391003
2347208
2388410
2395930
2416705
2395051
2406720
2388570
2321643
2334699
2323346
2372563
2411335
713674
2326973
2401119
2361831
2395881
2367283
2389612
2340685
2416083
2350477
2377093
2369779
2402635
2412556
2368845
2316248
2370202
2318152
2414783
286091
2329973
2892
2326876
2412874
2417323
2415634
2366063
2374516
2372852
2361764
2368314
2382427
2387300
61511
2376473
2342418
2405900
2320019
2370116
2329691
2341328
2359987
2398177
1159435
2334520
2323920
2386522
2381105
2375744
1671
2375447
4733
2386177
2391115
2416224
2368427
2374677
2405582
1159398
2391619
2334209
2362869
491
2322222
2349240
2315388
2406196
2387220
2338842
2320627
2347147
2334749
2360172
2372888
2342270
2417745
2380431
2361186
2374968
2353118
2362084
2360966
2401775
2384783
2329157
2350454
2389776
2324147
2336695
2381621
2398115
2315553
2334861
2392645
2318213
2327620
2325981
2333281
2376714
2385542
2331551
2380564
2415443
751
2336739
2354527
2402661
2358748
2371161
2389054
2391986
2346639
2346542
713341
2355540
2378118
2373653
2345126
2365507
2406054
2390820
4984
2377952
2317206
2337721
2373460
2403259
2378219
713836
2324766
355
2411195
285890
2315647
2349192
2404106
2323541
2345151
2339493
2355359
2383466
2322034
2345084
2406668
2346528
2367113
2361239
2340455
2397654
2343868
2372516
2322582
2382546
2349208
1153
2365306
2368898
2358313
2375616
2337729
2338211
2334097
2370238
2379241
2393648
2405734
2398641
2378316
2366632
2379983
2329669
2369329
2400588
1198
2406130
2366582
2408268
2399520
2360952
2398329
2390635
373
2326966
2357140
2416530
2376821
2316261
2378857
2413648
2406212
2329111
2365334
2413523
2366954
2380440
2349833
2375695
2322049
2417236
2325852
1591816
2404490
2363582
2415829
2362328
2325227
2367910
2359156
2381232
2364816
2383967
2346412
2384043
2387409
2395393
61518
1591947
2329637
2364058
2384932
3016
2320307
2376979
2346847
2350552
2338502
2363538
2360354
2354462
2346405
2406347
2316978
150457
2330296
2331116
2326336
2328869
2324123
2324752
2336122
2410489
2407462
2340336
2417632
2412894
2398164
2394588
2413243
2407244
2353259
2316138
2408203
4076
2399391
2344219
4481
2403445
2322701
2403761
2378882
2391160
2322722
2377198
2390533
2373559
2349245
2416296
2360407
2379295
2320948
2348196
2409821
2390508
2371972
2330178
2367274
2377737
2361569
2335763
2369560
2346129
2324148
2338614
2336259
2382947
2319451
2352148
2337815
2379325
2382983
2392848
2379006
2343221
1159567
2407826
713591
2342394
2356432
2386334
2379432
2319216
2349493
2332884
2363297
2329500
2372797
2367226
2337806
2405963
2365287
2411930
2402712
2383001
347
3813
2355485
2323623
2321842
2376241
2382555
2315884
2350637
2355661
2369220
2383100
2354433
2329891
2346227
2399116
2315971
2343512
2404631
2321338
2325164
2392933
2385660
497995
2338946
2349827
2391151
2338090
2379217
2417342
2344994
2416613
2404540
2362227
2412133
2367217
2396739
2349513
2343562
2360211
2395995
2389633
2410013
2395497
2318912
2358109
2405686
2327609
2341841
2367813
2357654
2359853
2395523
1854
2377880
2372399
2343143
2367115
2349899
2373446
2336468
2402474
2319110
2416157
2353892
2413882
498134
2365859
2339097
2359921
3319
2398012
2361751
2363824
2341708
2341995
2342776
2397305
2384908
2408315
2363515
2400295
2351609
1667
2335897
2326027
2403449
2322513
1159636
2383487
2329588
2370240
2366388
2380476
2410909
2367572
2402970
2387023
713811
2373620
2334584
2358322
2366210
2316745
2355023
1591964
2374090
2373206
2411136
2400328
2369501
2316289
2351706
2343252
2399439
2347684
2339762
2327374
2382730
2412075
2410528
2317969
2358503
2384873
2393631
2407712
2394090
2354930
2322788
2377687
2339772
2336507
2347906
2384201
2333028
2320218
2316164
2376238
2374552
2370108
2407380
2385871
2407361
2315656
2354678
2383880
2412540
2363413
2398194
2360490
2415789
2350245
2351875
2330907
2360757
2361237
2372855
2343356
2394073
2394163
2385728
713627
1160050
2367047
2355687
2321438
2395058
2362928
2364168
2396838
2405663
2398277
1592170
2336150
2339131
2371302
2371612
2332349
3806
2320934
2369907
2390496
2532
2380881
2356974
2404799
2369760
2355832
2360364
2353850
2409774
2363986
2339129
2385439
2363319
2370727
2322952
2336454
2329566
2412906
2414448
2332095
2397110
2374716
2373294
2334225
2366010
2407626
2318476
4846
2340776
1592401
2320800
2318310
2377175
2363589
2414243
2388115
2404940
2351498
2373906
1592661
2379039
2339061
2406836
2321704
2352427
2361522
2343016
4477
2347757
2388745
2416328
2363914
2365280
2334181
2395652
2376032
4640
2339287
2321393
2365409
2406563
2416392
1592707
1905
2351556
2324943
2411265
2323811
2353477
2375609
2354351
2370897
2385432
2395622
2351842
1593100
2374913
2401766
2410557
2394204
3797
2395322
2355757
498340
2378767
2387817
2364902
2387438
2357185
2377627
2364108
2406495
2354752
2409150
2378639
2397905
2356453
2394395
2324601
285938
2365209
2345410
2386405
2337041
2351297
2349383
2387166
2360692
2417953
2388886
2402444
2346836
2400409
2391233
2338386
2346148
2320851
2375575
2384015
2325330
2376888
2368557
2355161
2332464
2403811
2412572
2415651
1649
2339726
2337584
2355244
1544
2344911
2389859
2320922
2358678
150310
2362327
2412977
2323191
2400458
2383624
2403750
2391800
2392841
2343744
2339166
2338969
1159713
2392314
2405329
2329492
2346930
2372568
2338119
2325650
2379366
2352915
2342088
2323358
2341878
2343459
2381078
2365408
2340603
2336470
2324040
2353883
2335345
2338798
1592649
2352517
2315774
2349876
2392056
2344957
2385020
2413136
2393781
2365319
2124
2370566
2363350
2345299
2347254
2406405
2390759
2340759
2389974
2337211
2342577
2408560
2345958
2370253
1593134
2318935
2376242
2318980
107925
150490
2397609
2332544
2378526
2385146
2391193
2370588
2412805
2373794
2324490
2372427
2339702
2326669
2342881
2339788
2405439
2350306
2378211
2334094
2374831
2402373
2375524
2364397
2407561
713125
2410628
2384699
2358721
2381117
2341487
2398050
2398300
2379198
2380366
2369330
2403383
2404219
2387048
2352022
2361745
2412392
2379826
2316355
150311
2401159
2361537
2416143
2365670
2349296
2382898
285884
2323414
4744
2338047
3113
2371556
2339292
2360825
2347939
2395610
2416781
2334321
2379138
2396972
2395518
2377005
2341507
2365699
2367026
2370417
2401065
2362909
1592589
2351668
2364908
2391131
2333499
2412591
2334025
2367469
2396509
2359218
2321679
2361407
2337150
2384251
2767
2385227
2356399
2338082
2351790
2415031
2411712
2322269
2372987
2343873
2355462
2365496
2339724
2393114
2379051
2395287
2349515
2378868
1365
2328575
2379155
2386761
2380199
2345498
2408648
2360551
2366680
2319364
2375559
2325970
2417814
2326755
2334153
2412212
713
219
2355876
2401222
2415008
2323566
2342355
2400823
2342706
2332758
2331699
2348827
2345277
142
2386525
2341069
2358208
2346090
2408605
2404512
2364645
2368807
2357581
2330810
2410602
2389173
2354362
2341790
2409880
2404656
2316813
2398524
2349143
2417212
713350
2339834
2408111
2404138
2339634
2353219
2394475
2411275
2405491
2316195
1592808
2346644
285987
2415952
2323149
2366223
2412277
2409054
2385831
1159806
2378101
2403993
2350718
2334050
2394599
2321606
2406162
2364295
2365979
2384130
2395699
2392206
2415437
2395141
2359742
2409465
2333232
2397287
2348568
2371178
2326241
4209
2338477
2377047
2329427
2358222
3478
2384481
2321209
2365247
2375917
2406433
2199
2411052
2349889
2355340
2357933
2407326
2325542
2375823
285659
2347667
2371393
2326687
2350055
2400843
2325400
2373984
2372752
2404995
2316183
2330601
2330649
2346100
2413639
2363854
2318961
2372976
2415328
2320251
2372463
1893
2345228
2342674
2355818
2377188
2373325
2334915
2391997
2322422
2344418
2416332
2317552
2398505
2318145
2406065
2361868
2405436
2417654
1751
2410791
2394997
2362603
2324504
2321912
2326731
1160086
2321385
2416513
2351383
2369930
2319228
2317317
2357649
2338340
2318242
2417734
1301
2329916
1304
2367920
2407692
2397616
2323051
2394341
2416580
107955
2382588
713248
2336942
2377409
2391287
2412449
2375584
2355506
2399540
2338524
2352402
2345267
2344270
2405784
2350143
2369982
2343501
2361222
2324903
2349757
2414618
2352831
2365766
2327601
2319127
1592851
2360587
2343737
2356185
2338015
150550
2391051
2336244
2325540
2399287
2382094
2396824
2329963
2398420
2377691
2396132
2393443
2333238
2326810
2361905
2362047
1591915
2337520
2328995
2328979
2407542
2370438
2372356
1159780
2320581
2377456
2350167
2353922
2320102
3116
2349015
2402332
2363725
2364288
2332552
2340857
2391524
2390525
2368888
2338275
2350285
2338529
2328786
2405564
2330440
2371550
2378271
2408237
2349774
2345162
2399502
2326869
2415113
2361394
2329425
2323053
2408444
2338174
2351819
2359141
2346539
2361180
2403890
2394473
2348138
2384870
2363352
2357759
2342348
2371907
2405543
2390913
2390032
2335802
2387516
2347955
2326667
2319887
2390245
2386666
2416453
2402324
2374015
2317981
2397677
2345727
2402342
2382789
2361944
2391607
2360619
2365070
2413550
2331719
2409990
2326295
2315968
2316869
2345915
2414041
2393005
2324895
2358330
2342168
2370830
2330082
2332404
2405236
2376004
2384644
2397716
2368298
2357054
2346572
2361980
2362611
2390558
2395809
2390736
2407645
2370334
2398593
2400237
2361349
2417666
2396325
2407873
2381846
2323514
2387261
2351298
2317063
2330266
239
4836
2379684
2391635
2360618
2409749
2380000
558
2373898
2338240
2374620
2395544
2347340
2331081
2337144
2381092
2362100
2405353
2339212
2373638
2372052
2390580
2383359
2376151
2349549
2366822
2362839
2323294
2389728
2335827
2339812
2319102
2322405
2412732
2394514
2316977
2361749
2346983
2351665
2315712
2398761
2375246
2375310
2374994
1963
2359464
2354475
2354334
2345088
2379398
2349543
2226
2356081
2361634
2387345
713362
2383057
2357717
713009
2317134
2315395
2349102
2370866
2079
3237
2409386
2387609
2413670
2413935
3789
2337418
2380246
2316152
2335771
2380702
2383407
2372496
2370160
2379008
2409751
2339231
2364582
2368419
2355521
2405013
61559
1593213
2387584
2397062
2391150
2350141
2357986
2382313
2368913
2380251
2328904
2418
2416197
2339892
2353503
2354552
2358240
2394009
2319267
2377587
2357661
2331787
2393665
2389552
286028
2326781
2353902
2366525
2414373
2399667
2408402
3515
2356415
2318048
2416902
2331907
2344942
2376695
2332883
2407018
2334906
2376630
2401337
2324993
2345418
2320033
2335828
2321225
2348304
2317047
2401636
285606
2325800
2393888
2362539
2355950
2398518
2347352
2374246
2408546
2374869
4366
2389266
2342800
2373033
2368763
2354651
2350127
2385943
2410207
2401183
2382294
2415978
2332966
2360908
2348853
2370188
2413050
2390924
2354346
2355712
2316708
2351708
2351602
2373768
2371869
2324659
2361758
2362369
2383433
2346264
2406815
285752
2327041
2331686
2545
2338620
2363667
2388340
2357861
2357010
2433
2369185
2320937
2410987
2388167
61524
2416484
2327135
2327323
2325078
2381763
2386937
2411534
2374004
2379406
2320092
2324529
2381677
2395904
2328202
2391628
2330079
2344294
2327958
2387487
2348562
2320091
2332683
2352331
2338112
2394791
2326066
2323696
2363379
2366156
2318741
2415533
2413976
2319251
2327777
2320776
2329928
2325236
2379250
2333558
2376982
2351907
2342374
2369098
2354967
2350612
2413144
2381217
2362636
2333660
2370222
2379184
713580
2412482
2393421
2318037
2376617
2352776
2352448
2346370
2380275
2411648
2384363
2329587
2378779
2326474
2324096
2331412
2364079
2360031
2367258
2329273
2335903
2337854
2348340
1349
2371553
2342208
2321552
2325025
2378292
4824
2351543
2367440
2323033
2384556
2352793
2413229
2328977
2384211
2357083
2334009
2398587
2412458
2343598
2361338
2336569
2355484
2378719
2377736
2335767
2372297
2358438
2357489
2337735
2318788
2387214
2399517
2319633
2396561
2343494
2340839
2374396
2374240
2387082
2365189
2405264
2322480
2391842
2347857
1311
2409659
2403410
2335579
2358021
2326707
2367512
2319787
2373009
2388357
2365249
2384631
2394603
721
2322201
2361732
2383928
2393659
2391748
2324535
2374488
2397350
2354087
2390840
2328759
2340177
2367242
2407570
2384457
2328834
2352761
2395872
498279
2393152
2353895
2375961
2358093
2390009
2349544
2416872
2337517
2417338
2320749
713155
2326602
2363273
2408530
2405015
2409313
2386901
2319575
2358485
692
2393668
2369697
2377955
2343330
2329914
2326022
2348271
2413007
2342240
2335160
2390556
2357970
2378591
2395445
2329538
2372760
2341564
2344221
3253
2387759
2323537
2393944
285874
2351363
2368069
2359531
2414604
2339313
2384890
2412557
2360941
2360417
2417135
2387045
2343539
2332032
286047
4252
2366013
2392137
2401582
2330819
2355588
2413242
2410733
3727
2343253
2329138
2391018
2327525
2325297
2404526
2324139
2390772
2359443
2348867
2352768
2408191
2415325
2357867
2410205
2331188
2363395
2368878
2400115
2385564
2369217
2349541
2324612
2382386
2376967
1592040
2335230
2387000
2364876
1592662
2348359
2361208
2399785
2340752
2415352
2328639
2391129
2353781
2407997
2402652
2322234
2355346
2333497
2398131
2370843
2388195
2368631
2322331
2320327
2397498
2361458
2415883
2404865
2406818
2337650
2385583
2402349
2349457
2358405
2380637
2385798
2323546
2329126
2328371
2393413
2401702
2368168
2330453
2321872
2400888
2402680
2396724
2403306
2347824
2318020
2320398
2406637
2345465
2319489
2341618
2389858
2366663
2389699
2367098
343
2339713
2412698
2401197
2415426
2409003
2363037
2342437
2331329
2383758
2394882
2411980
2410334
2402251
2346294
2318283
1778
2366850
2368571
2350863
2350354
2328814
2339514
2344354
2343702
2372335
2411521
2334560
2371764
2327657
2330899
2413771
2341798
2412689
2351568
2397519
2350076
2391189
2342799
1159827
2341909
2351161
2328886
2322120
2325502
3684
2406208
2316253
2320433
2412834
2405184
2372503
2351216
2390160
2358394
2359644
2415439
2375764
2341954
2338634
2326031
1916
2377490
2391445
2358245
2417003
1206
2411523
2342134
2332876
2412717
2324056
2344970
2347351
2384143
2342762
2352093
2331418
2324496
2339645
2357303
1899
2389542
2319209
2341256
2335737
2340805
2345407
1160039
2382026
2405092
2377245
1159883
2369462
2416740
2320568
2404591
2359351
2379153
2318224
1592870
2371785
2373696
2362399
2377656
2399200
2409142
2382902
2357220
2412382
2413581
2354535
2347141
2339437
2362897
2399285
2323177
2356450
2364760
2414485
1160171
1159403
713013
2391196
2382533
2337597
1160244
2414124
2427
1407
2413377
2340447
2328852
2318583
2315435
2384949
2385974
1592670
2319508
2364713
2341630
2349040
2388235
2365965
2400343
713099
2392458
2413877
2378391
2396717
2342751
2339476
2357713
2346064
2384396
2404221
2381442
2395658
2399819
808
2343423
2376389
2407568
2393717
241
2386109
2408421
2323861
2400080
2343537
2335165
2351739
1160008
2381423
2378751
2370554
2319558
2370476
2393439
2413836
2382696
2394060
2395275
2359866
2317180
2343408
2384971
2348191
2357587
2336505
2333261
2404952
2412527
2383026
2359401
2329478
2325273
2388891
2327603
2415622
2361088
2380179
2351394
2328921
2391623
2352689
2325127
2341006
2400319
2381234
2328462
1592826
2335624
2321613
2337191
2409115
2515
2354621
2354778
2389310
2452
2318484
2415357
2346097
2336812
2409191
2334950
2367603
2341418
2326083
2359625
2376486
2408039
2396110
285669
2415011
2329468
2321144
4494
2315949
2386074
2316589
2320065
2385634
2333151
2324204
2369396
2417857
2342619
2346120
2390297
2366213
2385255
2348181
3844
2411970
2351958
2374187
2366479
2328148
150420
2360451
2344044
1592298
2353858
2354257
2317174
2350097
2364929
2385101
713773
2395549
2340239
498092
2413979
2355982
2331106
2352603
2340737
2403433
2355985
2369127
2337922
2390599
1159652
2406971
2410281
2374755
4487
2373547
2346767
2355768
2324543
2359237
2343320
2387021
2375517
2028
2411360
2371913
2408316
2318954
2357524
2348776
2366161
2398780
2400145
2400426
2397308
2407298
2404802
2414075
2371444
2371327
2347633
2393784
2404204
2351092
2416062
2318661
2342711
498291
2375359
2323677
2341051
2390314
2388073
2356729
2366104
2338949
2395200
2398562
2339021
2330234
2343960
2341318
2338165
713071
3488
2327738
2368912
2340344
2409089
2336256
2343620
2353215
2348570
2398636
2358104
2325425
2398740
2326924
2334187
2378301
2407226
2403078
2395573
2412283
2339487
2365790
1159830
2348631
4144
2381023
2364710
2323266
2328623
2374369
2374605
2395735
2373864
2394096
2328144
2319988
2404998
2409600
2332530
2408193
1159663
2349968
2411083
2361557
2391807
2351865
2330009
2404027
2408976
2318879
2353694
2387447
2316611
2369889
2363794
2341467
2378339
163
2964
2316061
2393099
2397929
2340843
2370936
2384064
2399549
2335243
2345709
2326005
2369933
2375979
2329428
2409975
2322452
2350798
2372501
2360824
2327314
2321779
2335111
2389867
2322285
2324727
2359484
2323251
2354758
2391077
2385264
2415170
2395065
2399301
2337229
498097
2377022
2323940
2338111
2389167
2392719
2335333
2316674
2404164
497991
2331544
2845
61525
2346363
2378558
2391452
2353288
2315764
2375224
2383813
2366432
2364831
2360755
2398795
2321063
2362781
2403212
2367731
2328005
2364708
2354463
2353116
2357008
2608
2357853
2390514
2388893
497970
2332466
2412409
2336063
2411126
2323798
2399728
2400745
2374170
2344603
2390667
2360827
2383654
2331229
2378075
2379620
2408089
2316328
2341344
2413546
2321678
2365768
2320676
2405881
2398570
2327602
2332926
2348431
2353068
2362872
2410619
4153
2322737
2370375
1592222
2407079
2381274
713547
2390843
2400123
2318194
2331514
2325342
498137
2401427
1784
3945
2383444
2318031
2336296
2382779
2344929
2413910
2334743
2349810
2358785
2406411
2346357
2343953
2412603
2325695
2325710
2368838
2346568
2324795
2370666
2378534
2376467
2412086
2357547
2359089
2376061
2352758
2320345
2404160
713626
2384703
2355277
2354554
2403876
2343216
2326157
61519
2333493
2320181
2405922
2373015
2369805
2405281
2409616
2324068
2319671
2354017
2402983
2388228
2374018
2341825
2322308
2414452
2382458
2360582
2374806
2391405
2351069
2372145
1159449
2365887
2416806
2370784
2411875
2331792
2353793
2358185
1997
2400306
2333219
2337082
2403686
2405832
2394441
2400708
2349187
2332186
2361628
2337012
2370520
2357943
2316680
2321185
2397732
2341357
2331694
2415354
2411057
2399866
2388647
2409699
2341248
2407503
3816
2366631
2340625
2336965
2391047
2367602
2404971
2326849
2332379
713538
2397972
2408944
2350630
2316436
2387861
2348698
2389142
2361484
2400444
2356408
2346889
2389354
2356275
2386764
2324793
2394611
2411235
2355218
2351002
2359553
2332070
2329607
2384083
713436
2386101
2375856
2393376
2342850
2320756
2370241
2397553
2387058
2360454
2389109
2410419
713942
2388082
2408836
2402769
2343019
2399382
2405203
2356824
2369611
2417271
561
2414986
2353064
2406116
2316723
2361548
2316337
2387701
1591988
1593045
2322067
2388838
2411193
2365654
2334206
2348399
2394917
2316068
2340709
2359954
2319973
2376078
2392449
2320847
2349002
2329615
1936
2331515
2417545
2330245
2340272
2381697
2334719
2317907
2357968
2332504
2352918
2335045
2338144
2328496
2338451
2346436
2384300
2411483
2411188
2408856
2339833
2412780
2337176
2390256
2400064
2336770
2397548
107988
2343179
2399939
2326310
2333836
2348515
2402919
2323812
2336089
2327788
2861
713164
2412897
1159979
2380772
2378343
2386640
2356596
2352504
2402343
2358731
2345543
2378579
2382531
2408930
2340233
1592314
2320877
2386132
2344725
2362102
2412325
2396612
2330769
2355411
1592221
2358465
4165
2403977
2391728
2376824
2350322
2352035
2403934
2327011
2396701
2360779
2368086
2415799
2327087
2406652
2415267
2409761
2385571
2341228
2351532
2347704
2326619
2410969
2330188
2333675
4648
1975
2351891
2405128
2327418
2322180
2371429
2344437
2341010
2399216
2367079
2349977
2321480
2345420
1592145
1592918
2358875
2338699
2393887
2401215
2361462
2345198
2380964
2339990
1159981
2394575
2332249
2351637
2402314
508
2397245
2336598
2333553
2398201
2325370
2319607
2323985
5
2348395
2327124
2367449
2338755
2360357
2408095
2330812
2348108
2400156
2325324
2341654
2347884
2385232
2369688
2322942
2394034
2341742
2319155
2342119
2340181
2362867
2363838
2332389
2328700
2387822
2356340
2411389
2332717
2412872
1159433
2402374
2410690
2395867
2410259
2324460
2374290
2353651
2354729
2377939
2322122
4263
2340114
2635
2341698
713513
2368824
2410152
2400832
2363046
2402546
2324203
2362684
2356101
713574
285828
2398632
2316720
2396531
2318849
2331277
2357187
2366392
1592247
2348004
2345335
2343685
2328046
2354082
2365149
2316613
2410507
2389778
2347450
2321034
2398401
1592608
2389683
2404593
2371846
2400487
2379284
2319839
498024
2347641
2348205
2380503
2323381
2369442
2414579
2406261
2401603
2359128
2406917
2365643
1592970
2409332
2369786
2397558
2379479
2379809
498053
150414
2402145
2383102
2404693
2335773
2318187
2390301
2368097
2410994
2400539
2416497
2416491
2398977
2369827
2320857
2397306
2353742
2381361
2403477
1159746
2413654
2321251
2341611
2371308
2402514
2347522
2384356
2396167
2353267
2325614
2324815
2389157
2343265
2370671
3857
2398689
2335785
1591882
2366068
2407162
2395210
2347642
2346486
2398961
2341876
2332877
2373353
2351920
2397077
2377640
2386025
2412123
2381599
2332873
2355838
2393362
2378021
2316608
2333578
2336939
2327269
2390226
2322568
2376834
2400305
2316743
2391072
2377852
2358942
2334505
2406687
2415200
2392925
2374718
2373092
2336886
2354430
2348021
2336620
2380992
2332740
2400846
2409811
2368285
2318338
2342804
2396239
2416690
2365899
2324804
2372285
2335889
2414346
2319513
498249
2326504
2367350
2361561
2347452
2412755
2318121
2345144
2352464
2366110
2350240
460
2388385
2322830
2366606
2409046
2401555
2408176
2403161
2396622
2349522
2321932
2349156
2408008
2364237
2326243
2398373
2325137
2359835
2343384
2336488
2366928
2412420
2346362
2363306
2357788
2322611
2381629
2368702
1592124
2404237
4807
2362671
2364766
2336531
2414487
2415731
1159932
2409950
2395279
2412763
2349474
2397613
2346975
2318853
2341528
2318270
2334776
2355130
2364026
2414732
2354629
2351970
2365457
2391434
2401043
2316297
2318477
2317995
2396642
2363692
2403614
2315965
2325490
2318178
2328185
2387398
2411837
2328328
2320584
2330728
2413442
1159632
2339641
2331690
2377263
2398321
2340404
2368929
2397999
2358583
2343199
2363952
2389898
2358407
2388002
2315489
2350466
2349188
1159306
2394148
2376646
2409173
2337928
2408148
2369370
2351217
2341058
2346565
2373622
2338577
2404520
2395492
2408518
2320875
2317352
2327048
2316538
2352281
2365202
2392123
2377696
2358523
2387663
2401743
2403039
2404337
2412028
2358910
2363220
2362652
2405204
2380511
2417227
2368785
2341291
2378776
498238
2392434
2321280
2371765
2362720
2372667
1658
61569
2318817
2400364
2341300
456
2383934
285786
2346244
2413310
2413345
150483
2386411
2355305
2379533
2402741
2348027
2411409
2394802
2404166
2376415
2385900
215
1159857
2415405
713872
4007
2336822
2350592
2337020
2371312
2362076
2380384
2359477
2379974
2375059
2334184
2366919
2342849
2382824
2349915
2404261
2373158
2401984
2401523
2364670
2329520
2318900
2368849
2402369
2404401
2367332
2359728
2385757
2369380
2343946
2413700
2400851
2326198
2406675
2382516
2414371
2362059
2335083
2353105
2332671
2354876
2366812
2358121
2382471
2344425
2416276
2377187
2372383
2329361
2402558
2396254
2389987
2384760
2333442
2368990
2357376
285634
2367124
2391481
2390087
2318630
2405425
2355735
2372303
2351848
2318488
2327533
1159896
2330036
2363278
2396133
4354
2351407
2365672
2408502
2323347
2320986
1689
2320975
2334704
2333423
2341803
2390690
2400890
2357567
2416567
2415161
2404257
2372358
2392585
2412889
2317714
3503
2375611
2339667
2366246
2324336
2380029
2336327
2342903
2352500
2370025
2397504
2338319
2368174
2364814
2403736
2405072
2388676
2406192
2356383
4337
2394978
1972
467
2389398
2343182
2329211
2401950
2333246
2353279
2369754
2337153
2406972
2346871
2356124
2344340
2413214
2336013
2347626
2387934
2410350
2332584
498243
2360125
2410149
2389289
2330114
2346567
2348750
2316233
2362572
2392101
2010
2345888
2398920
2390699
2390417
2400293
2393032
2317871
2318483
2331808
2321174
2334745
2407243
2403974
2416959
2331631
2315794
2439
2362461
2333656
2343334
2359690
2400089
2388408
2334740
2364225
2319726
2367763
2323774
2333358
2377455
2347143
2359466
2388700
2150
2316575
2347188
2328154
2322959
2403132
2521
3252
2351155
2325686
2333239
2370078
2391955
2385873
2326651
2364955
2408938
2382662
2319362
2343777
2350136
2406191
2348264
2336262
2344783
2369105
2342817
2368315
1782
1661
2397111
1321
2409518
2330123
2413827
2365187
2370775
2386603
2362248
2369500
2331696
713440
2354130
2326963
2355308
2389240
2396685
2415890
2378192
2408977
2331500
2355792
2400125
2324749
2390987
2394245
2335284
2381554
1591868
2376963
2327772
2351271
2341764
2369340
2379430
3303
2382001
713208
2375263
2380675
1310
2353224
2412124
2373930
2405620
2341219
2369447
2393602
2357422
2379513
2342148
2324346
2413259
2329800
2337704
2414623
1563
2338557
2348508
2379223
2414489
2344035
2353138
2321484
2327256
2390355
2316958
2345109
2403514
2391056
2394262
2377514
2403088
2343915
2356724
2390498
2337816
2399132
2326727
2375273
2407236
2353873
2377506
1592471
2381042
285749
2321214
1745
2378278
2341456
4357
2389225
2373650
2395588
2345630
2356658
2346432
1592556
2321576
2374764
2393487
2380416
2332684
2346475
2320402
1683
2330550
2035
2411488
713544
2397419
2374864
2411135
2328686
2347996
2370999
2323052
2370816
2407063
2355450
2374049
2345443
2330602
2359767
2417184
2323787
2335239
2371260
2402154
2378404
2317686
2387746
2387329
587
2340621
2387019
2362320
4369
2343474
2329308
4175
2347972
2317916
2413381
2317393
2400144
2365810
2393917
2377129
2378088
2393800
2375181
2380374
2338779
2404258
2412181
2343254
2403235
2403158
2358943
2319375
2361064
2325931
2349082
2373674
2415808
2346126
2358152
2328111
2384192
2328213
2339091
2317731
2399726
2373216
2342882
2360808
2365629
2344759
2377806
2355545
2340171
2320264
2353914
2360794
2399990
2411041
2375881
2343003
2353076
2396674
2400547
2397777
2414268
2346670
2413866
2387810
2400274
713333
2366604
2336446
2352697
2333473
2386156
2355797
2329271
2397900
2330700
2414404
2349356
2403511
2357260
2406825
2363523
107964
2397002
2364003
2362717
2329065
2326128
2363406
3526
1159982
61554
2350426
2384946
2352158
2386597
2336615
2363895
2353678
2390286
2375441
2374016
2323887
2416502
2332910
2400259
2338672
2332237
2338321
2366824
152
2335818
2348456
2322702
2382225
2338146
2357142
1159338
2347660
2361023
2415153
2361825
2328593
2342337
2318028
2350940
2352122
2417507
2330900
2343260
2390911
2337563
2364324
2411181
2376902
2404211
2349836
2401150
2399246
2387334
2317195
2414891
2322314
2324163
2383427
2402875
2354393
2406296
2327862
2358403
2412105
2343618
2375459
2411813
498151
1159576
2326427
2380004
2407831
2406747
1592393
150266
2321971
4947
2349035
2403280
2354482
653
2356877
2317787
2318778
2352474
2331256
2359426
2381058
2355870
2342525
2388179
2333301
497950
2363078
2389752
2352493
2134
2334523
2400590
2404768
1592382
2315897
2371653
2382990
2338301
2387095
2378921
2357662
2338462
2402026
2408023
2379961
2408690
2381985
2331543
2379584
2390584
2352123
2349719
2369358
2412969
2396174
2380733
2329900
2349711
2317948
3068
2358300
2350493
2376391
2316133
2362770
2383489
2319846
4558
2354661
2344240
2342034
2330657
2336585
2362849
2393726
2414658
2398607
2320646
2374075
2370758
2352145
2404571
2316563
2331610
2384585
2331530
2334389
2351347
2319112
2348262
2397860
2333585
2375081
2401319
2386208
2315716
2392081
1592772
2403634
2364658
2390494
286013
2374980
2316172
2321682
2354220
498226
2335055
713346
2320796
2327563
2408697
2344865
2327017
2334661
2362433
2397399
1755
2416728
2345461
2367518
2351056
2354846
2372314
2388471
2390527
2328590
2415793
2349140
2389366
713682
2356254
2380418
2382071
2341485
2372259
2375410
2331957
2406552
1075
3723
2385921
2384125
2333262
2403283
2370545
2380680
2407312
2391572
2415763
2390478
2319156
2338511
2406204
2328541
2388138
655
2404592
2322106
2332221
4618
2367284
2398752
2370329
2395137
2318125
2326648
2343138
2371968
150362
2320791
1592660
2316221
498318
2350788
2411784
2404713
2416894
2329440
2330591
2357330
2374371
2362262
2344835
2388736
2319516
2381469
2348284
2364549
2350367
2413973
2336588
2349210
2389137
2374428
2371817
2389817
2335153
2376269
2374590
2358761
2360458
2356659
3971
4715
2320579
2327295
2384588
2411491
2386816
2360195
2402687
2364754
2389
2382601
2323319
3883
2414760
2315966
2323944
2317007
2347016
2362240
2347797
2328883
285795
2375754
2372250
2398805
2345424
2340489
2380948
2408287
2403795
2335041
2332214
2387349
2412426
1436
2393119
2326517
2371031
713236
2372656
4371
2347156
2332514
2333880
2344698
2381875
286082
2381220
2380743
2365510
1159404
2365230
2345181
2371284
2351226
2398171
2372737
713295
2351843
2401211
2371843
2346080
2363263
2316759
2350352
2401570
2403695
4738
2318648
2417310
2378468
2335530
2406436
2353048
150531
2330229
2329311
3259
2354295
2349718
2415771
2322747
2361779
2391208
738
2342741
2417827
2400664
2417779
2378768
2358608
2406660
2349166
2346864
2415733
2416210
2357217
2346202
2397827
2411037
2363366
2378432
2411621
2364916
2408606
2398273
2417923
2416535
2328898
2351555
2352942
2340620
2363449
2412120
2324375
1592591
2341612
2372275
2362658
2345797
2396063
2415331
2331313
2319949
2324435
2367496
2377792
2372076
2414845
2408792
2387668
2315616
4403
2380099
2364953
2407359
2373915
2402493
2350458
1159796
2324873
2362659
2337306
2337263
2325621
2331342
2403866
2380939
2322739
2330497
2398419
2406661
2373011
2332610
2387833
2329755
2386677
2353235
2397946
2328321
2323342
2401018
2356932
2402615
2327435
2380015
2318987
1011
2339318
2316752
2387901
2366374
2321541
2353980
2369733
2379843
2341041
2345054
2380989
712962
2320011
2345129
2410084
2406763
2374603
4853
2358476
2331504
2405693
2405725
2356893
2398483
2382574
2321952
2336794
2404381
2349203
2354883
2373639
2401620
2396448
2404705
2412473
2372768
2364155
2383806
2368090
2353553
2368295
2366363
2326597
2357129
2388772
2362472
2357080
2343515
2332964
2330905
2321918
2412911
2323304
2328272
2360592
2318253
2326365
2348236
2367680
2318469
2402920
2417839
2368512
2367094
2317040
2376328
2354768
2357420
2326814
2396543
2362314
2405523
2332857
2362773
2350876
1066
72
2385906
1454
178
4320
2399487
2376915
285695
2357356
2331803
2363721
2405021
2372381
2386955
2347198
2319077
2381288
2356398
2354037
2370659
3686
3589
2386932
2329570
2333146
2415936
2348041
2360337
2360245
2377596
2413323
2352921
4006
2331724
2388569
2372898
2383969
2358058
2326308
1159995
2354039
4809
2334942
2383456
2335000
2399949
2325129
2415043
2329832
2401223
2318618
2394969
2393828
4066
2403159
2343094
2344355
2345163
2356654
2327395
2360197
2345462
2350243
2347741
2402810
2325054
2315367
2322770
2370690
2336624
2380039
2397167
4483
2372186
2368425
2322812
2413618
2346852
2401
2331427
2406480
2405760
2384945
2384973
2349917
2399639
61520
2372882
2416569
2324742
2398182
2340740
2389239
2327321
2326890
2379327
2390789
2415783
2402019
1879
2384445
2352124
2413002
2320675
2347766
2387872
2365826
2389704
2350845
2387656
2396535
2393162
2319824
2333706
2345713
2357286
2401072
2400848
1592338
2351903
2392189
2376755
2334133
2321196
4933
2328547
2335291
1159536
2337355
2394179
2325123
2337891
2346730
2326763
2327644
2417199
2946
2359904
2391029
2340738
2352155
2367159
2404402
2414289
2389190
2369113
2363916
2336536
2322634
4361
2326060
2349807
2382510
2345979
2400231
1592192
2406683
2415665
2397405
2319376
2391052
4416
2324142
2317784
2318386
497934
2401059
2346277
2340826
2340268
2336320
2329929
2350636
2350884
2363504
2401789
2340869
2368449
2386085
2376400
2386796
2366653
2352066
2356096
4078
2323507
713461
2410150
2383582
2380470
2388921
2378212
2335167
2355412
2391729
2379621
2364334
2347413
2363848
2328129
2371571
2338516
2400335
2346153
2338757
2387512
2329072
2330744
2320361
2357580
2400923
713678
2322678
2330361
2332093
2320482
2341949
2361693
2333710
2401397
2399
285623
2338961
2405920
2354068
2364601
2399485
2374231
2398613
2343114
2332003
2359355
2355877
2343518
2407355
2403314
2391305
2402992
2410221
2333460
2360005
2393775
2332882
2345892
2319305
2350210
2320706
2339408
2360529
2340992
2366544
2335365
2407740
2330930
2373872
2411460
2383515
2316280
2380639
2391854
2367795
2388757
2331202
2358634
2342533
691
2383181
2350137
2383631
2323474
2382466
2416061
2344280
2398017
2346826
1315
2403988
2348888
2353731
2373686
2376183
2317898
2349294
2333804
2338751
2337482
2332311
2372007
1356
2364038
2415490
2395902
2329823
2326569
2374810
2354256
4272
2779
2399385
2414992
2415320
2336098
2374277
2413832
2326004
2346438
2405510
2339359
2383031
2406260
2352200
2374340
2338092
2402818
2342897
2351522
2348033
2409273
61566
2382399
2397097
2335449
2318487
2664
2404080
2321753
2395918
2367861
1809
2365147
2355395
2404037
2317259
713921
2376388
2328746
2414888
2404135
2376451
2408134
2348688
2330625
2404441
2417885
2366655
2416573
2370917
2366038
2366592
2355502
2392798
2375523
2406929
2385823
2351068
2407254
1530
2415738
2331126
2368009
4778
2405878
2409678
2364819
2376028
2394393
2338972
2350152
2384854
2381327
2317156
2322287
2365718
2326530
2333007
2414532
2398428
2326786
2345342
2320860
2393173
2341356
2411399
2365922
2317039
2395974
2353905
2323939
2415912
2319304
2399195
2338316
2416054
2362866
2380115
2351465
4197
2377028
2417782
2414198
2402849
2360581
2390798
2390742
2346220
2338966
1591828
2335491
2360956
2373464
2356293
2411831
316
107935
2327538
2412771
2409506
2345308
1159607
2329339
2319724
2335274
2329025
2372548
2386845
2348062
2396451
2321088
2347344
2367591
2412220
2354921
2416732
2325247
2405401
2375126
2413875
2359235
2359732
2417788
2348961
2348775
2382627
2379303
2368710
2388830
2357707
2408426
3429
2358909
2416085
2395116
2319830
2402768
2386211
150537
2362654
2337715
2403776
2360976
2367024
2400717
2402660
2373118
2326111
2331740
2360262
2321768
2368500
2347102
2317785
2395590
2396527
2408424
2385447
2330893
2383045
2384582
2334774
2392063
2414168
1591914
2331818
2399571
2341454
2394637
2370986
2403030
2406354
498203
2353877
2393392
2412452
2410376
2363500
2415047
2339374
2377682
2330710
2352648
2381187
2358260
2411509
2332158
2417144
2364097
2415623
2385099
2319631
2387869
2318304
2349586
2373010
2344547
285781
2410852
2396057
2333479
1096
2394417
2395159
2340743
2322639
2315710
2344475
2337831
2411149
2334329
2422
2412515
2409356
2404470
2394992
2381196
2334595
4247
2387414
2354370
2347008
2331378
2393078
3529
2364984
2338081
2330567
2356028
2372267
2318457
2368485
2318491
2334829
2333518
2388080
2363920
2374872
2389215
2378623
2320317
2394807
2386575
1414
2349120
2317240
2413186
2333655
2396138
2368362
2407440
2334783
2409500
2353806
2324683
2368509
2320267
2359398
2413369
2374515
2342545
2362724
2324827
2359047
2391002
2386263
2372611
2386624
2367599
2371305
1592854
2398543
2377290
2366240
2380543
2412389
2316607
2354582
2347260
2360873
1579
2400943
2416931
2326137
2382476
2395360
2384234
2370264
2406041
3572
2365415
2385530
2397084
2413175
2375247
2361008
2353442
2393006
2345433
2345870
713684
2340608
2416290
2320894
2320478
2352506
2335632
2352428
2409807
2320561
2349524
2406473
2400138
2359545
2322636
2335149
2378190
2346697
2316440
2384377
2323032
2363514
2380519
2341999
2366195
2316045
2374927
2375309
2315482
2325693
2367184
2354354
2362172
2367582
2397993
2349105
2358543
2342040
2389444
2348101
2341541
2410634
2397322
2347551
2414583
2383966
2335830
2415872
2355271
2346775
2338923
2321832
2406560
1570
2364352
2362634
2333882
2380312
2372446
2317551
2316433
2402644
2330480
2354540
2315404
2339000
2414894
2412568
2414322
2342333
2354726
2415550
2411463
2415327
2383011
2334517
2387658
2404036
2372370
2402350
2329213
2336999
2374668
2348935
2341419
2352547
2343337
2364222
2371603
1593139
2346271
2412899
2402382
2352733
2378374
2374900
2373926
2353944
2385096
2334863
2328459
2334417
612
2369494
2382065
1592584
2402622
2965
2381163
2384923
2392414
2406758
2390230
2410211
3181
2354148
2393154
2315825
2417167
2333998
2376155
2414152
2355300
2371190
2396813
2388588
2381516
2390773
2388709
2341211
2363011
2363874
2400850
1592271
2388144
2366994
2339905
2381074
2352594
2414556
2415304
2375510
2365855
2382823
2394158
150431
1592695
2382184
2376881
2370228
2408115
2342156
2370677
2349476
2324267
2349936
2378675
2381584
2395657
2393914
2321108
2327964
2402441
2321265
2411668
2407539
2379363
2384415
2363021
2323486
2335356
2376801
2409750
2399045
2333138
2325195
2397398
2345403
2404410
2355311
2337364
2364216
2336017
2336449
2341506
2404609
2331442
2345962
2365431
2378098
2340872
2583
2410903
2393365
2345697
2356189
2315584
2406735
2350537
2316573
2377791
2360600
2402074
2355007
2318681
2384897
2354739
2391213
2325306
2333164
2327343
2346906
2399704
2358077
2416196
2382798
2400230
2360861
2377835
1592837
2371631
2332753
3142
2358214
2407885
2364025
2372205
2390697
2329589
2376612
2327837
2383030
2327535
2318779
2366200
2386870
2364317
2319771
2383943
2358807
2332332
2332227
2399254
2338026
2374721
2400913
2372575
2342345
2402695
2319715
2337451
2390570
2316651
2330346
2376216
2403307
2348010
2361037
2339624
555
2322346
2405773
2396231
2398600
498375
2348133
2414389
2363062
2384239
2332587
2363404
2334261
2320643
2388390
2317984
2348887
2315565
2348844
2336369
2362463
2390865
2395462
2380869
2338389
2367361
2359352
2350656
2341468
2397941
2387368
2348624
712986
2332624
2353563
2402034
2321445
2359025
2410075
2355361
2394076
2415579
2328578
2373924
2384884
2359733
2393484
2319095
2391656
2413916
2408276
2412575
2323039
2367162
2405807
2341082
2368868
2390141
2321157
2396908
2417832
2318671
2352263
2339810
2325917
2353717
2387493
2379662
2386616
2415891
2365484
2380326
2361297
2355237
2330225
713010
2351171
2378254
2410194
2355954
2391275
2375886
1159972
2413587
2413054
2409780
2367203
2331479
2361681
2348686
2358318
1305
2414357
2369211
2413576
2316593
2398150
2316403
2356504
2356099
2322379
2347702
1159
2360987
2359668
1593208
2367401
2388097
2388362
2334601
2365552
2404595
2399748
2415344
1593095
2353042
2377869
2325442
2394958
2403223
2391801
2361822
2406783
2400239
2414807
2325756
2369262
2366241
2321624
1350
2363666
2355128
2357143
2358418
2354558
2385301
2401347
2388619
2400548
2371101
285738
2348076
2329278
2347712
1160247
2331559
2377243
2412923
2373386
2337460
2399253
502
2349230
2386990
2327159
2341696
2335720
2395005
2386931
2357517
2350041
2351980
2338873
2345931
498409
2328434
2353822
2403458
2399982
2386852
2356781
2400503
2369742
2372557
2394155
2361090
2373254
2368004
2367470
1798
2393229
2350217
2383545
2359140
2326349
2408967
2388843
2365363
2414274
2363737
2393735
2401304
2348466
2342245
2365373
2405442
2361082
2317123
2353163
2330537
2392643
2342073
2316809
1592473
2354532
2380774
2399880
1306
2332918
713890
2416298
2315556
2382817
2347820
2319803
2327281
2355153
2329560
2317143
2402982
2322688
2412425
2397753
2382153
2334386
2373810
2361363
2346531
2863
2379302
2342186
2404622
2326258
2335412
2327282
2354851
2393765
2316439
2370952
2322256
2326852
2414558
2376746
2347552
2349385
2335208
2332920
2413717
2393377
2357669
2368463
2332171
1592341
2389003
2340492
2383762
2410556
2366975
2394184
2348621
2407482
2381816
2333991
1947
2330374
2391789
2344821
150453
2333938
2404286
2324508
2382607
2379293
2373694
2344488
1411
2413131
2359738
2374862
2415006
2378930
2347467
2371860
2333373
2415577
2394902
2387433
2408323
2348047
2372583
2348092
2405711
2410863
2364966
2359042
2358143
2392142
2410129
2396711
2351102
2412046
2350730
2410823
2374820
2327174
2373264
2401611
2378002
2337125
4668
2374229
2361070
2411969
2408335
2370000
2333097
2336633
2410832
1180
2358454
2355498
2363885
2388400
2333352
498112
2409344
2317080
2388985
2336555
2326961
2379304
2374361
2334792
2398646
2334793
2344413
2384954
2372248
2379360
2345691
1892
2244
2354943
2386079
1592839
2337425
2387497
2340870
2340531
2372459
2411594
2318163
2395109
2442
3317
2332353
2387081
4329
3464
2346047
2340760
2355360
469
285739
2319749
2370968
2404180
2415502
2331000
2355938
2362285
815
2348738
2323113
2357449
2337899
2368053
2343739
2363908
2390434
2372518
2404728
2316187
2399764
2374017
2394809
2415610
2400280
2342187
2356171
2317150
2391510
2409876
2318597
2356363
2391653
713926
2370724
2321998
2413318
2371927
2319271
2369851
2342771
2403944
2331912
107919
2354847
2416541
2404305
2379337
2343025
2396232
2316541
2389148
2333884
2318994
2377063
2342659
2350082
2351418
2378648
2369161
2337933
2364655
2393448
2382254
2358966
2411175
2392361
2411351
3630
2382358
2355323
2349395
2347807
2368936
2416644
2387146
2388494
2406565
2402781
2407569
2382714
2337718
2337902
2319891
2389912
498402
2365246
2377096
2408453
2346935
2357493
2390211
2317748
2362796
2415298
2344266
3826
2335067
2324477
2359517
2328269
2396393
2409466
2414772
2332688
2326227
2405452
2335524
498361
285788
2323250
2351822
2415529
2353400
2373750
2405276
2318298
2366734
2388062
2377124
2400622
2339831
2324571
2323948
1371
2333139
2344167
2371414
2382930
2395025
2359654
2322262
2318571
2342269
2348903
4281
2350035
1549
2350583
2373611
2387431
2416980
2354454
2341060
2349856
2394955
2343062
2417104
2389503
1159314
2328273
2319310
2347111
2339022
2337348
2365196
2391875
2331361
1159665
2356971
2345022
2366379
2413247
2405456
2351445
2363333
285960
2376324
2339319
2316615
3012
2377743
2400135
2370166
2384879
2397990
2325881
2377256
2371030
2330721
2364952
2337515
2344496
2344990
2331843
2335857
2369612
2394609
2363241
2337691
2360008
2404641
4455
2399284
2376742
2354399
2370199
2406966
2325377
2322319
2330681
2327813
2402805
2399256
2322082
2321116
2408568
1160134
4746
2415598
2342470
2342285
2398293
2344192
2336546
2333805
2354843
1858
2388066
2407834
2381131
4093
2392358
2376308
2415025
2371847
2364265
1592567
2354818
2417947
2394779
2333876
2403671
2379640
2375864
2365327
2369305
2383602
271
3878
2344706
2384271
2410613
2386591
2315688
2379551
2386120
2398820
2410061
2346108
2362966
713082
2395043
2366939
2405818
2378377
4299
2395609
2323235
2353862
2415448
2343083
2330007
2346027
2359448
2387778
2329372
2370996
2348619
2380277
2330803
2408065
713781
2366420
2360841
2325467
2349461
2325530
2402551
2356740
2410568
2376002
2387285
2393557
2350991
2329993
2332354
2381373
2417606
2374179
2318720
2329297
2414535
2350881
285943
2412245
2328338
2345875
2332898
2352778
2408157
2401025
2375662
2363836
2350499
2348958
2369725
2352809
2366801
2355134
2318017
2392495
2344860
2343308
2407364
1208
2405677
2388962
2415803
2407972
61564
2354910
1592208
2323751
2321456
2325412
2318093
2318876
713365
3138
2392873
2383076
2373619
2390491
2333851
2359930
2334713
2333215
2343078
2413367
2410821
2330679
2375067
2411220
2315952
2417428
2377325
2407413
2383493
2325229
2412978
2358031
2362889
2345648
2329142
2360963
2406910
2396815
2338278
2402021
2369005
2382064
2331280
2320866
2330605
2393066
2401889
107973
2407637
2394111
2318003
2412818
1159366
2368193
2315743
2326234
2364787
2381428
2380195
2414104
2359188
2328363
2328349
2370332
1593050
2369068
2406884
2329132
2379613
2368389
2365603
2389969
2336300
2406512
2360487
2368340
2356312
2412665
2374850
2334319
2364629
1641
2317899
2371605
1159517
2417564
2341349
2348111
2388345
2409476
2361614
2359344
2335393
2381963
2375431
2328404
2400009
2395031
1592737
2396289
2369368
2651
2336338
2321861
2334069
2352232
713240
2371316
2368836
2411112
2316395
2416355
2356191
2357558
2343713
2350442
2403405
2398272
2365713
2371094
2379496
2375001
2364460
2349346
2374823
2407971
2397063
2328194
2346499
2328697
1159767
2375468
2337756
2325252
498314
4173
2368832
2332703
2371505
2336693
2368334
1592644
2374255
2364769
2410899
2336403
2319996
2403320
2390440
2409439
2364143
1592251
462
2350796
2352575
2368879
2327776
2337609
2368266
2328890
2325312
2378010
2372873
2407961
2380911
2330693
2394050
2357864
2329206
2365132
2363623
2389736
3465
2323759
2355196
2348645
2351586
2407849
2391333
2352280
2334322
2391096
2349145
713698
2351458
2321431
2330013
2339365
2350106
1592606
2347126
2355457
2333464
2353444
713892
2390614
2403016
2360970
2354077
2334644
2370530
2387598
2354517
2359050
2368159
2354215
2360449
2408434
2395820
2416010
2405662
2366718
2331666
2342673
2392276
2363368
2345669
2317351
2326167
2416342
2367227
2383500
2317976
2405839
2371771
2340235
2401298
2370114
2400207
2317504
2335042
2320798
2403184
2335018
2330494
2355643
2397538
2349382
2282
2320597
2342404
2344224
2351435
285707
2364520
2408841
2381371
2370710
2395055
2368406
2400828
2084
2357932
2409701
2326043
2376647
2405782
2405024
2410356
2372864
2363788
2368395
2364765
2384899
2395656
2329582
2408613
2395741
2324647
2384375
2380789
2322347
2316591
2357443
2403343
2356976
2416548
2342183
2349771
2412032
2363799
2363140
2364144
2366837
2361739
2334063
2411444
2346838
2398929
2409976
2364949
2337531
2375091
2365385
2359830
2350746
2399646
2349630
2322995
2324406
2352284
2358293
2401424
2371430
2376777
2319534
2356015
1440
2361094
2405022
2393094
2371441
1592358
2415263
2345105
2385927
2329438
2398725
2396247
2402255
2395126
2329784
2397139
2403758
2412864
2330209
1159408
2397170
2401918
2369355
2328218
2406369
2326046
2376878
2352441
2373116
2350541
2414355
2374612
2373966
2417743
2332896
2410941
2388168
2334041
2352439
2373312
2378433
2333316
2351429
2411940
2332976
2350652
2320227
2360175
2408618
2415599
2362732
2323144
2319017
2370809
2380220
2340077
713705
2337886
2364169
2324829
2334551
2414696
2354915
2364715
2316370
1159500
2395943
2349960
2390623
2372613
3518
2387779
2395693
2330883
2358849
2356029
2343367
150474
2409883
2413215
2363805
2379228
2325120
498218
2391540
2406469
2395584
2322723
2324743
2344910
2337489
2329653
2342388
2367732
2411053
2339770
2396339
2325581
2341288
2407366
2329762
2319027
2384754
2353436
2315679
2342626
1592062
1592877
2389568
2409012
2413835
2377653
2368645
2417528
2405252
2342530
2334507
2355826
2402157
2321511
2326405
2342918
2381731
2408576
2374555
2379817
2341503
2393753
2334028
2386072
2358706
2378485
2355890
2389724
2374650
2406596
2371613
1592612
2331406
2376906
2365789
2354919
2358008
1592807
2335898
2380839
435
2346757
2385993
2366242
2335910
2393560
285732
2324546
2377879
61608
2390258
2401431
2416627
2370398
2340733
2355005
2411947
2326759
2387213
2406228
2331222
2413723
2390559
2396193
2398474
2405332
2357768
2414943
2406897
2337709
2417971
2382284
2330366
2326070
2331252
2382015
2366212
2358964
2318657
2367121
2328483
2343894
2332066
2399452
2391507
2349825
2378459
2322204
2354109
2414961
2328292
2327940
2344428
2370396
2365294
2315817
2370669
2375109
2325606
2410027
2343291
2318965
2410643
150485
2358862
3239
2405246
2402082
2350444
2345222
2378894
2348703
2391095
285630
2350235
2346172
2393041
2401476
2329137
2370567
2353727
2316307
2332806
2354691
2368493
2416673
2393194
3645
2389524
2382570
2417121
2329320
2390509
2414935
1593254
2342468
2344323
2369670
2372069
2323298
1862
2323476
2339551
2372837
2341917
2370629
2356324
2407607
2350140
2407365
2320161
2334456
2413081
1364
2362246
2389363
2350709
2390332
713136
2323281
2402001
2336466
2350472
2412443
2405516
2386053
150511
498025
2343711
2383098
2345638
2335921
2347360
2322935
2414983
2401805
2360831
2406321
2382357
2341031
2399023
2370444
2364285
2391177
2336068
2375395
2363639
2397203
2360793
2349505
2393873
2399778
2361895
2379288
2381027
2327792
2409527
2334234
2318173
2360226
109
2360934
2397303
2397747
285823
2408296
2351481
2367721
2389961
2404220
2374619
2360886
2393645
2450
2347294
2335665
3550
2367633
2377548
2383062
2405336
2357486
2321569
2383265
2395426
2343748
2405532
2386136
2339785
2334307
2381427
1159612
4833
2321252
2347071
2355803
2392013
2319647
2338671
2404893
2344653
2391863
2386386
713356
2363362
2371780
2387466
2394364
2367628
2403911
2316793
2333350
2369573
2346502
2358752
2351856
2405517
2339670
2320879
2409591
2388154
2397765
2348424
2357206
2319698
2346164
2331405
2341182
2413356
2370529
712966
2353276
498227
2403440
2324393
2363305
2374204
2372058
2377768
2402751
2980
2325034
2409872
2385977
2321760
2322138
2336787
2369698
2341068
1591838
3981
2333076
2327629
2387910
2184
2416316
2415035
2375820
2351621
2343836
2412730
2411177
2373874
936
2349510
2348993
2390074
2404814
2008
2339819
2380419
2332665
2359439
2325387
2366649
2371155
2336936
2362941
2397611
2340506
2384118
4106
2346452
2352015
2404354
2361970
2375229
2349509
2331928
2371390
2372030
150377
2390241
2379673
2361701
2350902
2347426
2391339
2317417
2357698
713054
2375903
2324814
2374762
2396248
2396169
2372161
2397821
2365972
2409189
2332014
2362970
2366707
2343917
2316252
2364489
2317182
1593108
2354221
3773
2384428
2377882
2318699
2355400
2333082
2380043
2351040
2326780
2348522
2395023
2319776
2340094
2404581
498041
2316048
2378295
1261
2412948
2394347
2329326
2393054
2401762
2337123
2382919
2417482
2395536
2371597
2374478
2374635
2367894
2342210
2360388
2361281
1592933
2392855
2331438
2327750
2334147
2316510
2363365
2353994
3125
2358955
2370173
2399337
2379134
2375891
2351471
2321074
2325118
2380523
2356120
2367069
2346967
2370373
2400607
2331950
2411991
2321183
2378178
2365756
2362434
2408949
2015
2403997
2338942
2363801
2324534
2379565
2355149
2383205
2315463
2367608
2401900
2353011
2328414
2329526
2343149
2366557
2377965
2405035
2329337
2414112
2379638
2414635
498136
2039
2384084
2342640
2364849
2373463
2382890
2325700
2132
2321716
2364498
2361201
2317888
713920
2378244
2329519
2357369
2317826
2413037
2321284
2411669
2400862
2381497
2334531
285962
2382082
2324088
2402715
2361160
2332648
2382576
1159648
2334535
2412865
134
2324314
2353185
2357364
2405134
2410847
2377839
2350464
2408802
2393337
2366770
2368911
2417884
2411959
2400879
2353627
2323666
2384736
2335676
2344212
2315596
498201
2366192
2368624
2338231
2336824
2411111
2379639
1593226
2367399
2334671
2331113
2351109
2387162
2333845
2340866
2417661
2323495
2366900
2403787
2317033
2353483
2410421
2363225
2327248
2330109
2411456
2325360
2367201
2347915
2363378
2357927
2316309
2417047
2321476
2356847
2354557
2385938
2382282
2354528
2341547
2319179
2416519
2344226
4201
2379630
2373204
2370066
2322811
2324567
2359999
2322051
2327994
2323137
2320320
2401258
2359281
2402096
2359511
2373621
2407065
2406710
2382958
1160017
2360796
2329107
2367533
2357242
2349093
2366865
2331903
2397981
2382738
2385213
1592114
2347330
2400286
2336745
2330035
2411394
2349955
2900
2370970
2334912
2378725
2405727
2379365
2372959
2417038
2388524
2744
2334130
2400440
2353947
2381840
2324383
2352256
2372263
2332248
2320576
2383465
2318443
2245
2319797
2345322
2417895
2341766
2376672
2385425
2372025
2395746
2415819
2322560
2378083
2329312
2376555
2406210
2399003
2409126
1592923
713223
2387538
2317255
1159779
2350358
2316718
2359640
2393855
498086
2357149
2334071
2330644
2372799
2400704
2338666
2321522
2330536
2394206
2375434
2335323
2382517
2372430
2318464
2344246
713382
2399027
2332629
497912
2391166
150367
2339086
2397994
2402164
2399633
2322160
2365370
2322968
2340437
498193
2371888
2381779
2380163
2412497
2345663
2389259
2413810
2342478
1592849
2382766
2404101
2368067
2365177
2388146
2379716
2338433
2344949
2362378
2376601
2363039
2325736
2383735
2363630
2367271
713902
2340247
2389558
2371577
713680
2351966
2402163
2356950
2370856
2411470
2380441
2327019
2366619
2349101
2410498
2376463
4609
2406876
2399702
2408336
2350836
2346278
2396854
2325037
2366444
2357465
2392600
2367847
2333785
2351916
2345285
2317619
2345312
2413120
2378351
2341071
2360896
2407911
2337614
285667
2388444
2330866
2320288
3355
2319854
2380181
2396752
2406424
2390499
2320183
2318617
2363747
2388971
2388483
713911
2374209
2405063
2323453
2417054
2407049
2347777
2372759
2357716
2458
2406593
2358428
2391733
2396152
2416002
2379553
2352283
2362006
2334631
2338334
2417592
2337637
2406916
2369008
2396904
2398407
2396687
2322214
2393111
2319618
2410134
2327426
2353310
2405161
2325576
2410392
2414528
2334710
2413534
2416088
2376794
2354144
2343808
2380623
2376889
2379685
2405176
2387531
713416
2344550
2359342
2353110
2399087
2364844
2385864
2356068
2388554
2385243
2398925
2319571
2348700
2413638
2375396
2354589
2337259
2417430
2326050
2336760
2397571
2390206
2356748
2364773
2399733
2336689
2328389
2335743
2318343
713301
2363925
2378250
2362907
2345917
2331332
2323990
2366457
2405552
2407880
2321699
2359569
2326035
2383530
2383931
107989
2320855
2323598
2415616
2393991
2352316
2385693
713901
2341558
2409079
2345535
2384051
2327771
2333437
2320943
2401475
2410201
2404988
2322564
2346014
3902
2355778
2362413
2402573
2392403
2416532
2351474
2319948
2399339
2318012
2417958
4422
2352668
2326247
2342852
2352098
2320807
2386582
2374830
2328002
1004
285843
2316991
2370864
2407941
2341204
2356049
2384765
2416895
2346908
2354063
2378290
2401166
2318083
2400492
2323504
2353006
2389261
2327023
2332546
2324886
2403017
2368301
2320527
2341403
1159662
2380736
2379133
2315358
2390643
2402966
2359719
2404193
498368
2344287
2332297
2416597
2338085
2355187
2374007
2351892
2411236
2397152
2344255
2386774
2376945
2388863
2343802
2410220
2399153
2350813
2369276
2351645
2356302
2332282
2406153
2352275
2345411
2404784
2338338
2382647
2355974
2390543
2395166
681
2377340
2383332
2379484
2395153
2364386
713714
2391879
2407866
2413579
2352153
2348968
2371411
3157
2347617
2337758
2353331
2339913
2382035
2417403
2353080
2350220
2327699
2384014
2367027
2406072
2380941
2363009
2323512
2391408
2333737
2397596
2347719
713357
2370791
2390938
2390795
2347541
2417506
2318233
2401561
2378873
2395362
2333124
498300
2350526
2343036
2335409
2350790
2332029
2415805
2385987
2358446
2405980
2375815
2375578
2359558
2319184
2347268
2373436
2401631
1534
2326652
2361332
2379201
2337101
4353
2349913
2373306
2415427
2387486
2399577
2328474
2408467
2373203
2346029
2393836
2416333
2381555
2319397
2335433
2360632
2386536
498321
2340898
2407133
2385241
2328075
1159339
2382514
2413982
2351425
2326672
1592224
2316288
150382
2363641
2402884
2404854
2326794
2347983
2322915
2393306
2353659
2359518
2354762
2329277
2323433
2326142
2357582
2411469
2336128
2356258
713813
2400180
2371872
2386893
2338578
2416620
2394705
2412455
2385254
2322735
2326595
2380096
2338568
2319937
2361608
2413820
2392682
2316464
4429
2324684
2410676
2404703
2412528
2346635
2331691
2393669
2376880
2361786
2325126
1159276
2386531
2397627
2332842
2394458
2412169
2344837
2324299
1238
2351889
2333521
2370400
2395750
2383409
2376734
2325633
2351781
1591826
2341144
2383569
2365002
2383527
2410579
2325270
2369128
2400060
2370416
2404111
2381972
2342488
2378581
2369863
2336957
2315493
2347946
2335138
2395374
2377541
1921
2405000
2318616
2336246
2342381
2392772
2385643
2365854
2365018
2362218
2345923
2400337
2390222
2373529
2367212
2417512
2323609
2393062
2392277
2344688
2338899
2324373
2355916
2357473
2319627
2398473
2394274
2338761
2343013
2379710
2334556
1592938
2356019
2324122
2396466
2378434
2390128
2392771
2400926
2316754
2367363
2334678
2405578
2370746
2358683
2332709
2413989
2380191
2317691
2331918
2394228
2353585
2387005
2380188
2323901
2341307
2365031
1179
61587
2325170
2323123
2336658
2347861
2330333
2385003
2412483
2362598
2386469
2413417
2353044
2378580
2415293
2376109
2365745
2337625
1159878
2363016
2331673
2058
2363237
2236
2413412
2328806
2381088
2415040
2372885
2390298
2324853
2392887
2407179
2384066
2352049
2388734
2352806
2358211
2375527
2402550
2357011
2416084
2339603
150285
2344736
2352667
2333501
2358848
2318852
2327034
2357097
2407676
2330054
2408961
2359783
2363931
2417600
2376926
2346650
2321567
2368331
1808
2327505
2414847
2364020
2351282
2326892
2373591
2367035
2331793
2414219
2375242
2336635
2399716
2343694
2410142
2327486
2400511
2342739
2417717
2348623
2405512
2389284
2402841
2388461
2372784
2331005
1231
2409108
2384778
2316102
2392528
1592596
2348066
2335922
2414817
2366923
2406179
2376447
2370107
2338605
2370355
2368397
2398706
2356930
2400642
2360342
2358562
2337836
2407553
4534
2408217
2379526
2320836
1591980
2350296
2409090
2355782
2370134
2354233
2402125
2353760
2356623
2331091
2403242
2376689
2353887
2333733
2364292
2386232
2387367
2320931
2406425
3398
2407310
2391212
2321054
2338921
2396269
2402453
2383689
2316550
2405600
2355040
2359754
2337350
2392058
2417975
2356378
2377689
2353060
2407627
2372805
2321751
2369117
2349286
2315740
2402280
2367895
2369339
2323024
2326683
2382621
4982
2324455
1159312
2354022
2358783
2411607
2354085
2358205
2331532
2324276
2340640
2386296
2350074
2373537
2352228
2316758
2352062
2322307
2319421
2388493
2371868
2413601
2365422
2371443
2351439
2415624
2390597
2375443
2369443
2368075
2336390
2342237
112
2331845
2327198
2382938
2368043
2406205
2412263
2373718
1048
2333357
2376512
2413701
2398241
2403764
2327799
2321440
2344918
2374877
4814
2338164
2402224
2417740
2335175
2355893
3916
2365156
2328709
2407756
2367915
2348449
2357810
1593189
2363381
2359650
4425
2360371
2369078
2315725
2337014
2385677
2349624
2400808
2390895
2366007
2377632
2368694
2357144
2366618
2348203
2379172
1918
2325271
2392836
2327274
2388254
836
713769
2401669
2362695
2337015
2372293
2397738
2412461
2375115
2390522
2322216
2315622
1554
2409599
2356966
2372354
2315935
498222
2350182
2356506
2408729
2341894
2351576
2361643
2336221
2379053
2352633
2412766
2326306
2380205
1954
2345521
2375667
2346638
2362903
2389518
2342611
2379098
2343841
2369107
2398482
2332196
2388728
2362617
2414595
2368626
2328551
2389347
2384900
2397438
2402986
2387418
2371992
2339356
2411252
2372754
2348541
1450
2378701
2357643
2331483
1592277
2328045
2339921
2393430
2322022
2331521
2380450
2373398
2414187
2393999
2343876
2353754
2359471
2347325
2369517
2371416
2416457
2396859
2339521
2321597
2381945
2358234
2365357
2372709
1593235
2414486
2369444
2330746
2378222
2370628
2371570
3759
2315975
2378892
2378922
2316928
2334868
2337919
2378392
2335346
1159939
2357125
2328659
2323192
2406655
4479
2317503
2354705
2368480
2319673
838
2365803
2380235
2391873
2387991
2412525
2338444
2342489
2402268
4560
2397117
2373745
2375317
2323107
2405749
2355199
2412132
2378429
2344403
2316318
2377558
2391008
2373987
2389996
2335815
2349725
