2327796
2324198
2366216
2398121
2364039
2342050
2406103
2380940
2326512
2341732
2342418
2390798
2396419
2378572
2412671
2375851
2409022
2343596
2347094
2325348
2383504
2402728
150490
2377985
2383872
2392829
2374977
2413238
2384594
2388340
2361615
2362339
2351238
2352055
2408923
2369548
2322180
2378706
2412836
2318892
2352698
2408664
2321702
2388981
2394980
2366363
2331683
2361570
2400687
2396871
2403017
713472
2396444
2352385
2352908
2410129
2336813
2354377
2377036
2371073
2374729
2377998
1591943
2368955
2360064
2369197
2381839
2341565
2401717
2340501
2356281
2319490
2406015
2395846
2327414
2396176
1614
2379678
2324436
2316559
2400901
2324359
2401203
2339126
2391081
2350359
2393038
2396077
2399197
2397214
2394198
2342917
2320178
2336991
2388030
2334660
2409779
2406092
2336614
2362623
2355249
1592769
2396202
2381595
2417501
2356968
2358496
2352456
2408469
3700
2323271
2321285
2411837
2352273
2325255
2345568
2342160
2352196
1592074
2408706
2343233
2354160
2390177
2406860
2392957
2320061
2367501
2412335
3601
2381791
2357707
2388301
2371186
2366338
4360
2340377
2376868
4418
2365727
2408142
2409355
2386040
2353818
2375741
2315372
2292
2367829
2342911
2413299
2363897
2369505
2344230
2411207
2339617
2373990
2398829
498019
2364777
2351525
2353453
2375340
2342927
2327139
2382750
2397474
2389117
2316773
1592283
498358
2349701
2323202
2377097
2397798
1159260
2405805
2356432
2346854
2382270
2385926
2410999
2342060
2398222
150452
285616
2392615
2376769
2381624
2395119
2371840
2395795
2375659
2318246
2397815
2344514
2357079
2383653
2358000
2402998
2380039
2351404
600
2389769
2345031
2403915
2335002
4527
2372121
2168
2402385
2357783
2390624
2378266
2340197
2379718
2388801
2386924
2409303
2385451
2344374
2383853
2407890
2348072
2409155
2376726
2376538
2375613
2392029
2396212
498207
498273
2414859
2403391
2322361
2404804
2403223
1592977
2386663
2395254
2403330
2404153
2376680
2336267
2326240
2362260
2402536
2375842
2399491
2405432
2382074
2369005
2383832
2383840
2368709
713944
2351394
2386259
2398825
2379812
2402283
2364168
2355303
2354239
2391922
2316584
2319797
2375373
2400496
2383202
2385265
2363064
2404569
2406455
2412190
2386036
3479
2320623
2386942
2365383
2358004
2361213
2374874
2408710
2403063
2393604
2391954
2359731
2367616
2373650
2357778
2389555
2317458
2345283
2319998
2402277
2406716
2350254
2352098
2350007
2378590
2352457
2390630
2390138
2409649
2396227
2321761
2336747
2347314
2398946
2361522
2378282
2396113
2364886
2346561
2402952
2316615
2412998
3452
2348722
2409619
2342799
2393493
2363635
2400846
2342212
1454
2375111
2349585
2408319
2380291
2334407
2412165
2385405
2402454
2412279
2367840
2343086
285749
2394751
2343563
2318501
2318963
2373717
2369424
2332399
2398763
2388562
2379084
2373009
2375956
2358791
2403071
2326294
2343293
2360837
2385045
2385302
2334002
2348335
2353062
2385903
2353686
2381729
2373348
2388265
498002
2410479
2406626
2376406
2383149
2403573
2349948
2365295
2342517
2357655
2383870
2364710
2348685
2380318
2372606
2341466
1593144
2411502
2398882
2375859
2390856
2382434
2402642
2385844
2384324
2408233
2334681
2403717
2407505
2390956
2371855
2410734
2354774
2346443
2321128
2352964
2346399
2380760
2380043
2316627
2412510
2404583
2396053
2398980
2332981
2369974
2387449
2387316
2348326
2319252
2378347
2317013
2399918
2339812
2367953
2410923
2362876
2323343
2402692
2391748
2343715
2416321
2382025
2344795
2348554
2386667
2347402
2356793
2321058
2353752
2349128
2359623
2325199
2384314
2392334
2336738
2417227
2359803
2401513
1518
2384980
2398740
2386094
1636
2378257
2346080
2379110
2386158
2341356
2380471
2316787
713813
2376215
2317030
2335108
2355224
2358119
2338990
2383736
2390714
2355952
2404447
2335444
2405728
2354325
3154
2359719
2321376
2368465
2382527
2405882
2337984
2380935
2342313
2352527
2344476
2402667
2394206
2327270
4311
2321827
2346876
2375096
2384239
2400723
2393533
2354192
2349413
2327846
2413212
2368853
2345063
2390149
107910
2365515
2395685
2399993
2318420
2350200
2394205
2367039
2354211
2321715
2371312
2411179
2354704
2322516
2333649
2318105
2318242
2414925
2401626
2369504
2333576
2328902
2398516
2402653
2378621
2353355
2319038
2409164
2400206
2343183
2376966
2377309
2397940
2406508
2336038
2391675
2362926
2409689
2408030
2413026
2351899
2324541
2347088
2372551
2362873
713768
2404945
2322354
2395086
2403543
2380702
2346556
2378649
2344317
2350394
2385901
2324752
2369213
2391770
2362754
2364771
2352309
2407299
2342518
2398791
2409965
2389493
2345022
2384477
2386422
2387494
2366467
2412124
2344605
2381048
2336189
2404319
2392137
2354226
2359935
2367096
2390107
2412024
2402007
2398165
2412118
2350135
2386292
2403864
2364811
2416198
2380032
2380485
2318035
2404226
2357528
2396717
2400796
3511
2379029
3173
2346570
2369390
2399744
2361059
2368692
2381630
2412664
2390873
2396557
2348754
2376885
2410466
2351218
2368985
2365296
2359043
2386693
2393443
2384857
2320217
2380774
2343271
2376081
2363636
1510
2359316
2388276
2379534
2352587
2409789
2404600
2349717
2319027
2376233
2346771
2380769
2397540
2358577
436
150406
2392445
2356208
2376379
2375882
2326674
2356942
2407575
2382175
2398479
2327147
2320451
2336327
2368105
2353103
2388700
2370834
2340386
2413734
2404656
2340433
2390708
2397109
2407546
2389210
2392498
2346970
2391663
633
2323070
2375044
2317281
2406925
2381132
2380292
2345685
2346108
2334350
2399849
2401399
2390089
2379039
2392727
2317284
2367285
2408023
2368430
2396641
2354108
2400881
2388851
2370482
2410490
2319608
1592170
2404328
2396801
2412854
2342473
2349543
2317414
2350112
2356434
2388988
2320482
2395162
3860
2358409
2401098
2360602
2344701
2362930
2344899
2403956
498069
2342925
2410411
2362838
2404113
2390398
2357545
2324373
2376232
2357967
2336669
2346148
2317100
2364152
2359087
2326603
2346597
2359140
2329000
2321029
2315522
2345393
2394781
2344502
2366422
2332422
2372096
2316369
2343531
2412280
2364761
2390498
2409658
2377113
2317358
2358617
2403693
2354405
2335010
2353599
2384278
2385410
2359996
2380763
2362483
2359516
2355636
2380060
2345339
3457
2331814
2388554
2348187
2339769
2345774
2322663
2323617
2402386
2373933
2380717
2359071
630
2325679
2410578
2317583
2378648
2416698
2370700
2318187
2392517
618
2355768
2336286
2369531
2416460
2388093
2372593
2383191
713550
2369418
2331
2315718
2405891
2352810
2370029
2368793
2366401
2344682
2344393
2402008
2412145
2348611
2361664
3118
2333346
2387613
2410826
2362253
2352725
2387227
2342919
2398873
2380094
2380767
2410592
2326684
2322592
2407422
2404836
2379305
2404
2346875
2362299
2409213
2396061
1160123
2323563
2323268
2343868
2353705
2411735
2404383
2345351
2324542
2328752
2338365
2355341
2317451
2351867
2398464
2326848
2409034
2360870
2406500
2368436
2318163
2353587
1592473
2376403
2347445
2361786
2412446
2320450
2356911
2348724
2328910
2340467
2408201
2352395
2397756
2318345
2321532
2409815
713408
2341516
498138
2342346
2352306
2319623
2368836
2388350
2411092
2375310
2403091
2402660
2318792
2324451
2396059
2410247
2357835
2355286
4276
2358079
2409802
2376668
2405206
2326555
2320586
2357159
2380850
2410005
2388370
2328327
2318193
2374240
2382209
2368600
2349737
2400731
2320377
2391217
2379621
2395037
2338978
2354680
2404963
2400477
2401046
2336009
2404095
2407982
2366357
2408711
2348672
2373481
2401431
2327468
2355716
2340448
1592325
2342532
2342007
2404020
2382988
3209
2352356
2376587
2378560
2325751
2354675
2322107
2357416
285901
2354420
2396240
2413085
2391285
498391
2321165
2369716
2375915
2395968
2358947
713121
1592073
2355298
2361431
2346173
2411182
2375022
2370000
2330404
2346923
2387167
2320574
1592541
2410682
2358223
2410777
2354718
2395971
2369182
2402759
1715
2369123
2397826
2354272
1159928
2354393
2417
2323956
2360324
2371458
1707
2318495
2328198
2345191
2350502
2409435
2399321
2383460
2358219
2365739
2400128
2406329
2317175
2363239
2346062
2406194
2363792
2320626
26
2347507
2411646
2347793
2404111
2404359
2380967
4012