2363897
2369390
2345351
498002
2349701
2321128
2358409
2351394
2356208
2366562
2355303
2333576
498391
2391922
2360064
2405577
2325679
2410734
2361522
2386608
2367829
2322107
2345685
2342925
2396717
2322592
2415569
2396053
2352385
2343868
4360
2319252
2352698
2410466
2353355
2387494
2403091
2358947
2386949
2378347
2318319
2386422
2345568
2359046
2334897
2394751
4276
2371274
2378719
2397940
2324489
2405882
2343496
2326294
2342060
2366422
2349948
2393443
2383202
2408800
2360629
2348072
2412335
2354325
2402386
2393724
2351725
2345022
2414925
2392128
2400206
2402642
2355298
2336669
2344795
2411092
498069
2397554
2381982
2367096
2402092
2385264
2407575
2348722
2317100
2379084
2342517
2379305
2372121
2346561
2392957
1592977
2395162
2349585
2362623
2404804
2334681
1510
2325751
2316083
2368853
2320626
2390624
2409815
2413212
1518
2382025
2322354
2323271
2381061
2399197
2380767
2343531
2383872
2379718
2325199
2342799
2380940
2402692
150406
2354108
2371682
2348685
2410043
2401046
2385901
2412446
2368430
2374977
2336038
2375842
2406860
2390149
2381839
2388442
2387449
2361431
2375051
2362754
2396444
2387887
2324752
2386942
2361963
2334660
2328910
2358223
2397109
2317792
2358119
2324373
2406015
2349737
2396871
2320061
2372788
2412854
4527
2361786
2362260
2357783
2370000
2409779
2339617
2395971
3173
2410242
2383460
2352064
2398851
2352869
1715
2334576
2410682
2317281
2389493
2400881
2336813
2356281
3700
2325748
2410826
2385903
2395119
2406500
2322663
286069
2385405
2358219
2372606
2317284
2382750
2366216
2342911
2349543
2410490
2366401
2357707
2385156
2384477