2386249
2405145
2358976
2403527
3114
2341796
2333954
2399931
2337881
2403184
2372413
2329550
2396137
2392879
2393555
2390215
2369022
2410899
2345728
2353603
2399474
2365459
2370757
2361626
2328704
2378651
2388863
2413503
2334134
2339554
2382499
2336761
2386617
1592304
2415220
2389960
2370174
4914
2346415
2323784
2322042
2344715
2334085
2406785
2355965
2316414
2327813
2380543
2396354
2328535
2403827
2343549
2403315
2358799
2318283
2381509
2355084
2388235
61520
2346561
2364380
2342970
2396236
2389573
2347278
2379052
2357575
2334928
2413429
2411867
2378208
2404608
2362688
2321266
2375466
2329297
2389197
2406891
2380185
2381059
2376312
2391967
2399078
2409462
2388518
2400582
2382067
2382509
2367817
2348410
2332912
2338953
2372896
2394630
2384398
2355881
2387475
2337112
2377264
2363392
2337201
2329500
2329295
2350177
2343519
2383301
2411585
2400090
2394186
2396492
2318050
2413502
2353083
2353922
2317359
2333835
2416943
2403357
2369803
2355748
2370182
2365564
2398488
2382830
2344293
2365123
2375955
2356192
4414
2366009
2389795
2379632
2395469
2323084
2407015
2391939
2401564
2393689
2352647
1528
2372849
2388783
2381525
2380142
2349783
2348880
2408148
2412964
2386179
2355617
2347575
2408707
2403401
2349865
2405971
2369833
2336731
2334578
2316684
2334098
2340629
2343045
2400801
2356710
2364985
2375262
2377952
2345781
2353356
2905
2358305
2379480
2381671
2345116
2326822
2393914
2336484
2340475
2342697
2415688
2322558
2338063
2372606
2374692
2320535
2373136
2359459
2399429
2362252
2348888
2350870
2409061
4576
2377292
2360730
2319028
279
252
2338589
150294
2346381
2385508
2330086
2378637
2400110
2389093
2323278
2336753
2367720
1591934
2386529
2375116
2366422
2407407
2348593
2355901
2320848
2377977
2394230
2396052
2342596
2388438
2346021
2384540
2388152
2323571
2400002
2386260
2317662
2356813
2369230
2407061
2412061
2354823
2337921
2410446
2343181
2369270
2333222
2336806
2362225
2365989
2330847
2414869
2359153
2382364
2388019
2402630
2413196
2328121
2369104
2411265
2336456
2353331
2345311
2359544
2370246
2333001
2331697
2366690
2339455
2401664
2401780
2350196
2327068
2378363
2348697
2378178
2345843
2332689
2347380
2335417
1592115
2317499
2324053
2346392
498240
2404379
2414968
4816
2389770
497957
2365308
2328284
2354691
2409990
82
2407029
2334032
2340463
2388913
2379850
4595
2412704
2363218
2319047
2391833
2365845
2364922
2381882
2367345
2415069
2392461
1592160
2350600
2342621
2342533
2330628
2359736
2322134
2379486
2332524
2380228
2336768
2344097
2416772
2388563
2404137
2405901
2385698
2411301
2378563
2385626
2322729
2317174
2390298
2382350
2347826
2403639
2360763
2405905
2351205
2413927
2363205
2381433
2412004
2383285
2353385
2347072
2320561
2417396
2389316
2350205
2374731
2347475
2387804
2363803
2318633
2393868
2350161
2347946
2379086
2383067
338
2379111
2350526
2327633
2377498
2407188
2375298
2368214
2411739
2391076
2355677
2318641
3801
2377870
2406161
2338420
2361731
2367611
2402
2322860
2396324
2392331
2398683
2366200
2380518
2383130
2416589
2331924
2331970
2331412
2414023
2409544
2414359
2321345
2351704
2370957
2380256
2353786
2332223
2323523
2366711
2416359
2398868
2350750
2351611
2336744
2381949
2379659
2335198
2401808
2330549
2386965
2401544
2333183
2404876
2409547
2380593
2344637
2358927
2380441
2382381
2364723
2333269
2415341
2403506
2406521
2358396
2326162
2385474
2397104
2405273
2320762
3969
2339750
2411098
2408604
2402395
2347612
2414229
2343381
2318479
2361927
2404399
2358230
2338826
2399217
286075
2319483
2379627
2361991
2394809
2381590
2326219
2383421
2320950
2348150
2341843
2317014
2362469
2411607
2367879
2393300
2363159
2335910
2383716
713191
2416120
285740
2327139
2408321
2383164
2363370
2392408
2355394
2316444
2415059
2338630
2345822
2317018
2379133
2316777
2318805
2350522
2391953
2338836
2407316
2316887
2382859
2372314
2378119
2323535
2383721
2337364
2399388
2318912
2241
2355455
2899
2414105
2351005
2324604
2324054
2369458
2402396
2409605
2399643
2367411
2333760
2373099
2377604
2363118
2410259
2409413
2385623
2398419
2368262
2352053
2321460
2380274
2395019
2315969
2338163
1320
2386013
2392424
2316783
2399752
2331056
2410049
2329124
2858
713031
2380853
2384692
2335131
2354320
2383466
2365650
2386930
2409217
2352986
2366535
285627
2397514
2380133
2385064
2318732
2382794
2345494
2410017
2341420
2384164
2387094
2368547
2403927
285856
2378830
1592580
2415041
2323821
2379213
150443
2417264
713723
2363462
2349271
2389790
2348719
2394893
2326987
2379301
2408104
2376615
2382428
2320934
2414588
2345079
2337850
2381547
2346855
2329821
2399525
2342724
2319763
2317403
2399691
2362093
2391577
2404603
2347342
2387675
2318376
2355313
2329204
2401711
2404372
150399
2368337
2412886
2334097
2360403
2326394
3691
2384367
2379773
2352574
2328120
2338798
2394185
1592645
2404477
2362834
2394742
2410827
2365009
2330418
2398869
2396849
2394357
2386088
2378465
2344599
2356469
2405866
2387825
2380590
2384819
2366933
2413105
2329895
713414
2323703
2343352
2355093
2349592
2367733
2327226
2370488
2398167
2367292
2413932
2331524
377
2324933
2409915
2370183
2403984
2326946
2403694
2392652
2376867
2394055
2405915
2392433
1798
2364902
2392422
2405173
2365698
2393299
2333492
2322494
2379615
2400380
2383188
2322615
2377572
2336598
2323599
2409411
2388013
2397092
2387568
2396623
2371374
2407647
2353671
2357439
2372965
2341302
2358978
2339502
2382412
2376905
2388011
2411628
2380009
2400659
2388667
2406958
2397967
2415099
2409542
2357249
2393243
2322884
2352174
2380760
2379541
2328585
2383896
2363747
2366264
1159629
2358729
2370085
2406633
2381362
2319718
2414816
2400920
2403655
2332651
2358923
2414793
2387335
2332724
2379668
2391293
2326496
2351329
2415125
2393980
2334796
2356380
2390997
2393138
2383099
2331264
713122
2402273
2333994
2412266
2395270
2336897
2387427
2383440
2382941
2396868
713442
2376002
2388925
2410808
2398442
2377435
2405828
2347077
2384129
713632
2330370
2417772
2337807
2375437
2358514
2372313
2397932
2379684
2346202
2321788
2404873
2389184
2376157
2393667
2359685
2388778
2409582
2320590
4979
2399883
2365061
2368442
2343207
2399054
2389058
2408812
2329398
2338047
2357130
2363497
2399479
2388004
2368925
2374311
2416717
2354832
2390985
2394997
2331981
1593050
2409465
2399590
2368234
2391892
2363132
2386704
2404303
2374539
2415004
2398678
2410208
2408843
2319364
2376233
2347457
2337188
2320959
2413937
2341308
2384256
2324520
2391473
2347011
2398909
2328313
2382678
2384170
2352353
2333649
2346982
2394684
2383747
2417141
2375769
2385471
2386483
2336937
2406286
2401158
2377017
2366601
2326012
2351250
2390906
1459
1160045
1505
2350891
2329066
2327931
2397106
2343399
2344685
2338616
2333300
2324272
2328133
2348924
2348811
2413637
2344633
2379474
2399016
2364297
2390114
2394657
2376328
2368438
2328335
2343125
2372489
2329993
2348457
2410945
2351519
2349686
2322353
2373334
2351596
2325873
3657
2371707
2376372
2379308
2352084
2375328
2092
2322717
1592938
2416180
2332983
2084
2368783
2386773
2334004
2384394
2329250
2387727
2400572
2320005
2411403
2342133
2320996
2332964
2318987
2387038
2395414
2383332
2357054
2336466
2319031
2348871
2378794
2374806
2344946
2341181
2359658
2397396
2406568
2402491
2330351
713395
2354592
2345788
2321430
2380725
2410698
2355654
2342550
2407715
2392875
2395002
2406853
2364135
2373359
2341476
2391603
2378590
2344999
2369638
2415113
2323320
2325965
2363886
2364534
2407822
2405575
2385378
2319996
2342960
2382294
2374642
2335014
2377692
2323580
2333122
1487
2408634
2325452
2400548
2329122
2388869
2371350
2410519
2354005
2336136
2401214
2367998
2351526
2347157
2334457
2378997
2401761
2334808
2382124
2410780
2366006
2321408
2404964
2400503
2359378
2401847
2395036
2401979
2352487
2373942
2378220
2404932
2367016
2342505
2327962
2361997
2360064
2322966
2325721
2387930
2388179
2390626
2379188
2338108
2337094
2383385
2416616
2363554
2321895
2387192
2411799
2395476
2386953
2416693
2389332
2409095
2372411
2375263
2404175
2327443
2325541
2400294
