2369779
2397735
2374978
498071
2402187
2340253
2373010
1987
2326188
2319772
2315912
2391955
2325097
2370192
2343761
2317547
2403637
2341651
2325547
2409271
2389383
3236
2358037
2407485
2397885
2342531
2402424
2403985
2322511
2346268
2382801
2343628
2344463
2372934
2330482
2392971
2387381
2358507
2379987
2401465
2387534
2408584
2405162
2362672
2351869
2371601
2330469
2395631
4548
2335553
2417158
2387039
2369104
2359264
2353343
2391128
2359504
2380040
2402657
2342647
2400211
2411852
272
2391572
2336667
2337086
2401216
2363794
2335202
2401549
2407065
2355464
2381927
2379183
2391825
2315941
2401821
2369081
2319987
2381871
2341860
2402915
2380992
2348291
2406201
2407126
2406832
2397308
2380482
2413400
2353572
2373434
2390433
2392181
2316669
2318031
2378860
2380935
2315863
2363584
2328867
3067
2359660
2407784
2333872
2379205
2351149
2347133
2319551
2385087
2389689
2348079
2353659
2395431
2365413
2374597
2384535
2345962
2359500
2410975
2381745
2316823
2351448
2368526
2340015
2326956
2400544
2353596
2386384
2400602
2357528
2349917
2394993
2398356
2414299
2365001
2385336
2363107
2349719
2391628
2399664
2411751
2391935
2417664
2372340
2385655
2386682
2367361
2386244
2319784
2382864
2407965
2380015
2380480
2384778
2351028
2395372
4025
2345344
2407159
2397092
2414695
2357762
2317874
2407747
2345413
2327579
2348044
2391281
2383906
2385462
2386984
2362416
2398414
2375956
2404354
2342208
2381712
2392115
2386664
2324486
2403184
2394212
2401718
2408044
2339042
2393304
2335787
2325534
2379650
2392394
2387888
2410678
2397681
2397883
2409350
2413186
2369116
2378741
2366606
2343360
2384316
2403033
2319478
2366087
2380568
2316705
2317623
2392257
2405577
2355206
2367014
2388847
1593139
4445
2355124
2405751
2376387
2404599
2970
2343250
2394036
3874
2378938
2409254
2401980
2354688
2365869
2326361
2396088
2393266
2410970
2412874
2322727
2400431
2374524
2386149
2392503
2328179
2329070
2414244
2414053
2325880
2407990
2408307
2378279
2412719
2387849
2382830
2394448
2372502
2370164
2357719
2402063
2393377
2373277
2378747
2376028
2405349
2375904
2406012
2409362
2386072
2393007
2394392
2372474
2393594
2384062
2378397
2385759
2408164
2368646
2405475
2373739
2407381
2384647
2382983
2402733
2361436
2378072
2391048
2322755
2398334
2347600
2376639
2403650
2372337
2365229
2360346
2380931
2390806
2416174
2335015
2412248
2350406
2386569
2408454
2402072
2365908
2349096
2391904
2383053
2401541
2398558
2409990
2409072
2409304
2413755
2363706
2321478
2383369
2379586
2350407
2355950
2408987
2343708
2400855
2330980
2386183
2416396
2405307
2353479
2336908
2320499
2319759
2394809
2324976
87
2382059
2381437
2401247
2392777
2400312
2355775
2326498
4729
2319397
2363783
2409508
2392361
278
2364976
2353398
2390897
2382102
2404207
2400798
2406694
2411607
2414535
2409031
2347734
2385205
2387414
2417926
2374046
2364809
2388082
498330
2372600
2400410
2335090
2358577
2398839
2359134
2409968
2394539
2366013
2316016
2380181
2394925
2351276
2396875
2383228
2408418
2385382
2341559
2346661
2401751
2403746
2317160
2392090
2401138
2386887
2348763
2408439
2398108
2403828
2335099
2336226
2393628
2400868
2415361
2406529
2397710
2413512
2411701
2413743
2374100
2389273
2398864
2348804
2400560
2412607
2381654
2341014
2403394
2404304
2359437
2368064
2344558
2400693
2367963
2350727
2377990
2412950
2357976
2409494
2318104
2387365
2410999
2398298
2369089
2382712
2413277
2402331
2388823
2407274
2386476
2385475
2363235
2383500
2407302
2328126
2329061
2405416
2345301
2383157
2394816
2399292
2318747
2403259
2323897
2412970
2355888
2375529
2379935
713038
2368039
2336094
2378802
2413782
2375878
2392359
2378853
2390261
2401883
2369024
2385126
2402867
2399440
2394845
2407212
2410118
1592870
2406195
2346024
2404932
2398820
2333789
2387838
2331613
2339679
2393802
2396872
2408393
2388929
2369802
1592488
2319983
2383824
2387537
2402727
2399695
2344045
2388045
2315994
2346154
2392536
2372879
2340033
2372193
2387755
2362204
2398977
2341779
2389633
2337345
2318131
2372555
2396792
2369781
2402067
2360995
2349322
2335863
2345610
2387746
2396368
2319723
2417729
2374629
2344003
2359300
2368139
2414978
2390996
2366900
2384984
2383411
2383459
2389421
2342244
2336506
2382761
2328130
2387000
2329000
2353283
2382733
2389286
2396414
2403710
2318837
2349768
2342562
2410817
2317792
2390358
2413055
2409373
2378078
2336954
2385174
2376715
2404985
2413832
2408606
2387293
2356440
2361967
2386405
2397500
2404687
2403766
2342142
286054
2385153
2386639
2408645
2407487
2726
2380739
2384146
2406302
2403039
2402823
2342863
2403791
2402883
2370460
2408607
2400231
2402486
2378879
2364095
503
2394481
2379567
2388794
2397384
2406183
2355996
2325562
2390018
2343078
2355494
2397336
2386585
2368262
2409401
2409820
2339090
2408808
2408919
2352560
2318184
2406243
2385168
2384435
2379154
2357987
2368174
2349842
2409273
2357079
2372296
2413479
2372481
2392931
2359130
2394756
2403909
2345786
2317624
2399016
2322735
2379255
2320217
2415115
2333827
2315393
2401598
2358289
2336278
2325759
2414456
2403590
2388670
2385230
2369942
2404507
2379677
2385900
2406813
2383374
2411876
2371250
2371414
2403902
2391176
2343919
2401433
2411629
2394777
2355162
2390798
2343762
2378999
2319605
2394562
2337413
4732
2376754
2377429
2410269
2404412
2344633
2404727
2407214
2397597
2400469
2349479
2347791
2387752
2411612
2416704
2414137
2403390
2399309
2364817
2340000
2406985
2382993
753
2382307
2377789
2360186
2415497
2356608
2396299
2367786
4330
2361381
2321201
2411418
3570
2323194
2406701
2378510
2413087
2384184
2319557
2415091
2414515
2417304
2338524
2385760
2397555
2367772
2372499
2415120
2375067
2548
2387550
2316655
2408661
2408734
2367308
2371449
2380894
2401650
2316531
2410892
2407030
2319954
2407743
2363309
2348716
2397452
2357420
2369107
2356848
2352826
2356036
2410877
2405051
2324937
2383137
2411955
1822
2407325
3587
2410946
2406422
2408409
2321777
4775
2410129
2318549
2401735
2323450
2333463
2379783
3535
2400157
2360410
2383998
498003
2413557
2388235
2368585
2362185
2402386
2405690
2399994
2405260
2356031
2330880
2363363
2390205
2341505
2400608
2403538
713756
2340244
2372237
2388152
2378236
2341137
2343016
2323039
2393690
2357543
2390604
2328174
2361379
2380750
2382069
2395612
2357739
872
2381013
2352006
2320533
2387050
2388967
2331551
2315964
2327473
2389543
2400035
2371761
2406088
2319360
2406630
2392458
2336255
2399514
2317556
2412220
2399380
2367205
2392551
2401553
2379765
2371543
2367005
2367762
2380479
2340211
2398954
2402356
2357904
2356585
2395506
2397341
2321683
2410889
2379805
2374975
2407759
2390985
2378373
2349558
2325909
2417755
2398105
2398883
2393392
2342299
2346328
2408028
2326888
2414103
2344009
2350359
2381356
2381512
2345053
2400695
2408294
22
2378808
2371563
2369257
2387757
2397582
2387113
2354163
2383457
2400809
2410628
2374132
2347972
2383965
2325941
2415179
2396502
2406357
2396901
2404899
2351756
2391742
2408595
2404554
2381228
2407931
2392379
2335845
2387400
2351950
2381301
2357644
2321882
2394354
2386600
2368097
2381473
2404633
2411768
2349509
2370719
2342092
2325026
2383138
2317657
2412194
2413039
2365383
4072
2400392
2343827
2404298
859
2324255
2315730
2320624
2367445
2387819
2399775
2387822
2348644
2408935
2318708
2368609
2385797
2388773
2408885
2408669
2338597
2337638
2386741
2415044
2395698
2334614
2346861
2318027
2370964
2388602
2369646
2389274
2403510
2332758
2382348
2373521
2347078
2400118
2346114
1592084
2351309
2372712
2413002
2327955
2390000
2375437
2410423
2412417
2404483
2342227
2399417
2400458
2357993
2378301
2357108
2414014
2336576
2391730
2341326
2319882
2404431
2332268
2409427
2401967
2393614
2398304
2398865
2333183
2334375
2335039
2342866
2356613
2362751
2387216
2400667
285624
2383868
2364306
2416767
2379078
750
2404773
594
2354779
2331806
2411782
2391377
29
2365294
2398188
2388905
2414837
2412277
2346391
2352990
2353357
2381040
2379930
2400363
2412706
2414852
2383505
2403988
2344647
2359104
2364537
2415441
2378735
2384040
2329752
