2354603
2382392
2348622
2396423
2327631
2333226
2325405
2343021
2405919
2382317
2356053
2416781
2416487
4292
2382257
2393715
2406813
2342591
2380320
2386883
2385375
2417499
2416854
2417169
2401646
2353341
2364703
2343463
2416693
2353661
2351499
2336248
2325608
2323438
2389856
2388384
2344116
2361203
2386987
2358625
2363357
2342746
2389753
2361244
2353909
2395406
2398560
2385231
4579
2387303
2401926
2362453
2344980
2340031
2380692
2350109
2371132
2355661
2392316
2357065
2350568
2401847
2345911
222
2413503
2321627
2324115
2402640
2371648
2343788
2361740
2343812
2349691
2384857
2320762
2342486
2352517
2371202
1159481
2359228
2384500
2352164
2406661
2336392
2364069
2373963
2363121
2320832
2368922
1755
2387655
2354187
2417681
2415257
2317686
2320895
2342178
2394482
2417528
1593205
2361915
2346536
2381953
1694
2375794
2324138
2337662
2326633
1591809
2357347
4344
2351869
2386522
2401752
286084
2343654
2339918
2397078
2322841
2318397
2400342
2343716
2406970
2389906
2409929
2341911
2323724
1592179
2351613
2394790
2394278
2401584
2344013
2335538
1398
2337085
2331177
2347201
2348683
2394741
2325928
2315399
1043
2320258
2409610
4683
2375580
2375912
2329800
2390863
2368681
2352857
2394008
2385673
2315752
2355617
2410376
2417260
2402856
2377878
2412149
2384342
2391035
2369801
2355223
2334478
2382934
2344423
2335117
2325783
2363046
2375661
2355501
2333298
2417311
2400293
2375243
2391458
2335666
2396916
2348488
2360402
2395131
2389146
2373700
2360891
2371937
2411980
2340036
2376696
2387831
713721
2367218
1592734
2318431
2362202
2326372
4931
2348484
2396968
2359211
2344685
2382221
2337365
2323399
2388888
2333201
2369382
2341858
2328673
2346386
2357112
2324274
2392344
2408190
2352075
2414577
2361040
2326796
2376532
2342421
2354212
2329524
2349969
2330301
2357305
2409645
2320938
2319935
2323370
2334778
2395614
2378223
2410176
2405541
2326005
2538
2385471
2343632
2401078
2385051
2363923
2319232
2354889
2415983
2369748
2367282
713148
2372210
2403187
2333881
2328144
2337122
2358706
2395407
2409
2365613
2334757
2371870
2381447
2387633
2369383
2417284
2370508
2375097
2344882
1159822
2417882
2342549
2366769
982
2343730
2413006
2340682
2417644
713566
4902
2379519
2393419
2416000
2332150
2417471
2335102
2395328
2399490
2389461
2342951
2393829
2348945
2340550
2411220
2353625
2357243
2398153
2367793
150511
1592372
2383170
2398832
2409269
2405284
2378598
2333358
2359190
2353472
2386241
2334624
2345557
2376453
2404548
2321703
2323556
2392835
2345642
2329737
2317029
2393294
2326884
2338047
2392321
2363951
2355832
2409186
2353171
2371031
2391564
2366649
2355667
2388636
2365729
2388287
2344862
2374778
2362867
1159290
2404260
2357644
2364998
2347473
2374324
2345324
2325606
2348894
2349274
2372719
2361057
2364085
2349257
1010
2356161
2333844
2356137
2374532
1592885
2374055
2363655
2351984
713238
2389094
2393025
2388159
2387042
2319012
2386821
2415601
2370005
2315419
2345474
2347342
2388951
2337806
2379599
2324892
2378954
2324302
2326116
2318916
2324197
2329074
2413746
2403521
2336145
2381238
2385397
2352661
2344564
2375459
2331649
2381403
2347150
2349633
2414434
2359506
2408935
2358461
1492
2360566
2364157
2384277
2365085
2398923
2326245
2412905
2390399
2333997
2353378
2396335
2322790
2383492
2387546
2377636
713560
2338100
2371701
2335413
2388153
2385657
2413364
2322940
2384915
2393589
2317277
668
2381404
2325399
2360344
2373087
2336557
2334238
2358839
2414994
2396175
2351650
2406791
2416243
2391430
2417846
2371326
2320515
2416238
2341252
2384743
2349013
2329534
2405752
2376397
2371964
232
2413730
2334839
188
2323514
553
2412491
2415494
2394146
3761
2380154
2387169
2360866
2401289
2356610
2318246
2403360
2360164
2352007
2417478
2379592
2355241
2317603
2349273
2319887
2387506
2369661
2389964
285826
2401636
2363436
2348061
2366497
2346185
2368054
2412692
2375042
2323667
2380034
2393712
2335874
2338744
2352410
2398842
1159811
2339815
2404473
2335877
2403978
2345633
2322661
2407407
1592890
2394662
2390672
1171
2358931
2346465
2366636
2344382
2341727
2319863
2364898
2383852
2366203
2404175
2369131
2414713
2334469
2375237
2416195
2398383
2382676
2326043
2368463
2331504
2353535
2389040
2338175
2399196
2367970
2385881
2334261
2392885
2417140
2376481
2339040
713368
2323335
2334598
2341642
2318544
2404732
2322489
2334405
2335720
2326165
2417887
2378204
2344762
2416056
2346783
2374249
2334487
2340102
2332597
2372339
2360478
2353676
2401330
2352238
1591955
2410726
2330034
2414438
2401294
2387131
2325910
2324705
2391836
2357762
2363977
2324937
2417511
2325016
2358783
2384275
2374940
2350664
2336366
2345733
2399445
1072
2400167
2399223
2368856
2321657
2399027
2358424
2417143
2326700
2330934
2349530
2332783
2414834
2411177
2404939
2400250
2334904
2398082
2399868
2629
2320082
2347401
2386816
2369156
2346561
2369719
2400101
2323711
2405912
2338082
2359004
2327613
2389715
2374215
2409353
2372988
2395017
2384193
2387305
2343285
2328731
2391733
2401611
2366060
2338815
2341936
2386939
2383777
2350402
2392618
2534
2331770
2403113
2355282
2363801
2316777
2397928
2375507
2354410
2324311
2369812
2316513
2348318
2403576
2381585
822
2399460
2343331
2409608
2334593
713651
2373991
2316547
2376934
2357345
1592505
2350984
2393947
2333146
2403775
2359444
2345839
2353933
2317397
2384232
2372568
2361568
2359925
2349381
2981
2408385
2373050
2334852
2329718
2350250
2365787
150427
2345069
2387780
2337311
2316342
150305
2405205
2382476
2362510
2318645
1592518
2416269
2411471
2357914
2417956
2316816
2402861
2382784
2386676
2400501
2385860
498031
2393703
2381857
2353725
2400924
2385390
2384004
3498
2402147
2338076
2387982
2327353
2383098
2341651
2329966
2322185
2393723
2428
1009
1592086
2359040
2320138
2322211
2352575
2333148
2354846
2352311
2364772
2319185
2353569
2362907
2374285
2414118
2346987
2410161
2363370
2342700
2396875
2589
2355476
2387181
2377454
2338070
2365307
2409301
2390677
2367513
2384988
2328473
2322671
2391341
2414284
2348042
2399477
2319412
2320241
2414667
2346061
2359910
2406815
2383934
2359759
2341914
2369270
2372489
2336532
2393672
2375376
2399734
2375815
2370732
2345530
2346180
2409098
2394468
2355996
2339131
2416530
2353084
2398090
2360855
2328054
2386071
2361152
2405724
2338887
2346885
2354625
2348990
2358689
2327491
2399570
2335727
2377564
2352511
2397330
2365988
2367303
2337138
2318709
1159423
2321253
2379996
2335823
2333734
2360054
2352275
2397089
2374744
2334330
2360438
2390125
498202
2317427
2375104
2378796
2347090
2319196
2345573
2356258
2399146
2412904
2320357
2364672
2372665
2389890
2364371
2414248
2376382
2389036
2358242
2349403
2362902
2407894
2408209
2326204
2348013
2341652
2409503
2374263
2350480
4730
2325801
2362969
2373929
2354569
2417497
2342535
1592785
2417303
2412242
2338133
2395582
2319067
2352904
2413535
2368616
2388533
2393207
2331565
2348560
2377483
2350671
2398441
2317092
2386960
2399556
2331483
285807
2354115
2392477
2326866
2328738
2337824
2396803
2376488
1160192
2517
2397387
2380223
2322321
2325647
2395177
2332706
2328618
2384799
2394754
2414093
2347577
2372584
2351705
2372965
2319831
2321555
2354786
2322847
2396390
2336971
2398161
2332363
2389495
2359906
2389367
2323893
150394
2414722
2414099
2332618
2385914
2417226
2377288
2328148
497974
2353390
2356904
2343173
2371320
2383049
2383787
2365191
2374436
2343062
2330787
2408930
2374980
2361880
2403589
2390618
2402739
2372025
2384907
2349873
2342235
2376174
2329615
2373191
2388148
2375078
2400080
2315896
2410616
2417184
2416205
2404158
2398623
2386282
2315723
2375403
2345946
2348518
2385475
1696
2390795
2349797
2373267
2399017
1592191
2342612
2381228
2331099
2343786
2374089
2366332
1160014
2779
2334596
1593242
2330722
2414738
2416648
2323230
1159774
2402987
2358813
2371745
2376611
2412968
2388647
2359730
2323784
2357723
2316462
2331062
2383514
2364595
737
2328836
2357955
2316322
2382428
2368470
2391476
2369600
2392002
2379431
2389234
2335137
2347023
2345624
2404975
2386690
2402917
2321611
2352711
