2393603
2387465
2384866
2395566
1294
2408778
2349204
2364862
2368656
2358149
2341501
2380350
2351813
2341510
2363837
2405222
2410634
2369479
2322480
2385115
2399705
2431
2371507
2315958
2356857
2343545
2357138
2368813
2390849
2345519
2398444
2361365
2376413
2376917
2334291
2395409
2400488
2408915
2399856
2390108
2376257
2386903
2381972
1592147
2401800
2405512
2381578
2364268
2318352
2398389
2406183
2385700
2357996
2390055
2325341
2400748
498132
2323007
2402592
2405810
2372725
2386014
2385166
2388434
2402493
2381255
2385395
2321829
2326521
2380614
2353132
2339403
2386640
2412133
2412608
2400243
2403635
2397568
2369347
2392126
2346380
2378755
2398249
2340062
2361126
2381375
2397805
4852
2383173
2372193
2412117
2351775
2324650
2357895
2395400
2401696
2382057
2348474
2343325
2392434
2342534
2394176
2369193
2409493
2319764
2378048
2335798
2369130
2342527
2384213
3665
2369934
2385305
2402984
2369369
2383254
2343646
2352064
2371865
2398867
2372303
2396239
2367645
2409599
2403534
2378234
2392675
2392083
2350847
2394053
2382135
2347518
2391777
2392854
2355607
2331166
1778
2414564
2317792
2375051
2340216
2317237
2373734
2365281
2409755
2414414
2405577
2387815
2402491
2363101
2387527
2410614
2393724
3175
2316083
2404206
2408947
2347478
2396000
2345060
2365120
2366982
2343814
2404466
2371647
2413539
2357775
2384016
2381982
2410119
2360559
2345570
2393052
2380625
2394118
2349017
2345387
2386576
2377851
2361300
2400959
2409522
2341844
2342604
2384300
2390730
2408821
2342917
2320178
2355483
2334897
2402805
2334576
2411647
2372602
2324657
2359869
2365509
2317596
2319610
2368743
2328241
2381061
2394058
2403624
2386949
2404349
2392565
2320187
2318319
2351725
2355149
2383946
2408381
2359999
2408802
2402931
2378078
2397554
2359968
2395054
285822
2363897
2371487
2359046
713673
2402873
2385264
2336530
2352869
2369340
2392035
2318166
2325348
2404018
2384060
2400901
2350720
2390173
2378512
2361963
713472
2403017
2388902
2344260
2392422
2391305
2381355
2398780
2390829
2330091
2350702
2386608
2352251
2400687
2380813
2354385
2335311
2411668
2345006
2358510
2377985
150490
150452
2390471
2354098
2410259
2168
2352722
2354802
2343016
2342050
2346956
2400249
2409779
2335005
2407020
2371682
2349449
2412622
2399865
2401161
2410594
508
2363018
2354377
2336813
3477
2364382
2414926
2386121
286069
2404750
2395661
2389494
2170
2344374
2383712
2370507
2360629
2345002
1159260
2396301
2392128
2364191
2337881
2410043
2371073
2388030
2400696
2391275
2366562
2343078
2390435
2351985
2348382
2414859
2388442
2378719
2374977
2372788
2399985
2376318
2348722
2390795
2378810
2350611
2398851
2351394
2347094
2343596
2504
2322220
2408800
2380081
2385128
2323202
2349701
2324489
2403383
2353129
2320623
2325748
2331683
2394980
2366363
2362339
2380265
2378767
2408706
2341732
2342418
2380940
2382396
2379517
2394245
2396444
2352908
2352385
2375426
2364039
2398121
2366216
2327796
498019
2395846
2402277
2406716
2350254
2350359
2396077
2390798
2380039
2318963
2370948
2344501
2384594
2388340
2413238
2360748
2383504
2336614
2324436
2379678
2356281
2396871
2318892
2352698
2408664
498207
2408923
2378706
2322180
2369548
2399197
2397214
2392829
2383872
1454
1592769
285616
2339126
2401203
2325255
2352273
2341565
2401717
2382750
1591943
2377998
2321761
2319490
2369197
2368955
2360064
2381839
2326240
2381595
2358496
2396202
2417501
2356968
2408469
2366338
4360
2316559
2374729
2411207
2373990
2369505
2339617
2402998
2344514
2388265
3479
2357707
2388301
3601
2412335
2334660
2362623
2355249
2402385
2356432
2405805
3700
2406860
2320061
2390177
2367501
2354160
285749
2410734
2371855
2349128
2327139
2375340
2353453
2342927
2317013
2403391
2383653
2357079
2396176
1614
2395795
2408142
2316584
2391922
2389117
2397474
2381624
2395119
2371840
2390624
2340377
2376868
2351404
2375741
2353818
2386040
2354774
2292
2315372
2367829
2323271
2342911
2376726
2407890
2409155
2348072
2403915
2389769
2410999
2342060
2346854
2386259
2318246
2397815
2402536
2403330
2316773
2392029
2376538
1592977
2355303
2385451
2409303
2388801
2386924
2372121
2335002
2336747
2404153
2391954
2379812
2398825
2364168
2362260
2379718
1593144
2341466
2409649
2395254
2386663
2317030
2358119
2335108
2404804
2383202
2383832
2358004
2361213
2374874
2326294
2386942
2348685
2339812
2375373
2319797
2369424
2399491
2386036
2334407
2378282
2393604
2363064
2361522
2400723
498002
2354239
2404569
2400846
2352098
2398763
2396227
2357778
2319998
2389555
2346443
4311
2347314
2378590
2373717
2373650
2364886
2396113
2346561
2336267
2402454
2385405
2343086
2354325
2357655
2321128
2341356
2409619
2403573
2349585
2408319
2318420
2342517
2342799
2403071
2379084
2388562
2358791
2318501
2403717
2407505
2364710
2383870
2334002
2348335
2383149
2376406
2385302
2360837
2319252
2381729
2385903
2398882
2382434
2390856
2385844
2375859
2408233
2402642
2411502
2384324
2412998
2356793
2396053
2404583
2412510
2372606
2334681
2343715
2324752
2390956
2380043
2410923
2362876
2366467
2359803
2321827
2346399
2352964
2380760
2378649
713813
2378347
2352527
2348326
2369974
2387316
2343271
2354211
2391748
2402692
2354226
2413212
3173
2376215
2344795
2386667
2348554
2347402
2382025
2386094
2378257
2384980
2392334
2384314
2352587
2345022
2346570
2390714
2383736
2401513
2402667
2394206
2402653
2316627
2346080
2379110
2368985
2367039
2409965
2368853
2390149
2344476
2403864
2405882
2359719
2368465
2321376
2394205
2404447
3154
2336038
2362926
2391675
2371312
2404600
2349413
2393533
2354192
2384239
2375096
2397940
2406508
2322516
2333649
2411179
2353355
2324541
2409689
2408030
2413026
2318242
2370834
2367096
2376966
2400206
2377309
2351899
2398791
2362873
2372551
2351218
2410466
2346876
2375882
2414925
2344605
2362754
2395086
2322354
2403543
2380702
2386292
2342518
2328902
2384477
2401626
2398516
2368430
2333576
2326674
2342925
2402007
2359935
2369390
2404319
2387494
2386422
2412118
2350135
2396717
2349717
2319027
2327147
2320451
2318035
2379029
2364811
2380032
2416198
1510
2376885
2390873
2317281
150406
2368692
2326603
2365296
2356942
2406925
2358577
436
2388276
2359043
2384857
2320217
2393443
2386693
2340386
2410411
2356208
2392445
2394781
2396641
2380485
2368105
2346771
2376233
2380769
2397540
2407546
2334350
2340433
2404656
2345393
2412854
2342473
2407575
2382175
2359087
2389210
2390708
2360602
2410490
2397109
2391663
2346970
2344502
2367285
633
2401399
2390089
2375044
2362838
2380292
2388988
498069
2354108
2355636
2317414
2349543
2373933
2359996
2324373
2404328
1592170
2396801
2350112
2395162
3860
2358409
2401098
2364152
2357545
2344701
2315522
2317284
2377113
2376232
2346597
2404113
2345339
3457
2329000
2390398
2317100
2345774
2316369
2366422
2369418
2369531
2321029
2317358
2325679
2323617
2322663
2378648
2359516
2336286
2315718
2358617
2384278
2398873
2359071
2353599
2335010
2362483
2380763
2410592
2388554
2348187
2370700
2380717
2348611
2317583
2368793
618
2342919
2383191
2361664
1160123
2388093
2372593
2344393
2402008
2352810
2410826
2409034
2380094
2344682
2407422
2352725
2362299
2360870
2370029
2366401
2345351
2324542
2362253
2380767
2411735
2376403
2379305
2404
2323268
2409213
2322592
2326848
2317451
2346875
2353705
2404383
2412446
2338365
2343868
2348724
2361786
713408
2347445
2351867
2352395
2406500
2318163
2353587
2398464
2368836
2342346
2318345
2328910
2408201
2411092
2340467
498138
2388350
2397756
2352306
2409815
2355286
2320586
2396059
2318193
2328327
2326555
4276
2376668
2374240
2357835
2409802
2380850
2349737
2402660
2324451
2410005
2368600
2410247
2391217
2408711
2382209
2336009
2404095
2366357
2401046
2354680
2400477
2320377
2340448
2338978
2327468
1592325
2348672
2378560
2376587
2355716
2342007
2404020
2382988
2325751
285901
3209
2354675
2357416
2352356
2413085
2361431
2375915
498391
2369716
2358947
2375022
2355298
2321165
2395968
2410777
2395971
1592541
2320574
2354718
2358223
2369123
2369182
2397826
2402759
2354393
1159928
1715
1707
2360324
2417
2318495
2328198
2345191
2350502
2323956
2371458
2409435
2358219
2363239
2317175
2406194
2411646
2363792
2347507
2346062
2320626
2404111
2347793
4012
2371274
1292
2325718
2361056
2416829
2392671
2343496
4398
2356593
1592166
2356035
2415717
2385156
2403666
2413247
2347554
2353914
2369630
2363241
