2371865
2383254
2352064
2398867
2343646
2388981
2334187
2382135
2359999
2356841
2395400
2334576
2405927
2404349
2409755
2392854
2355607
2403446
2412836
2409493
2319764
2378048
2324657
2347518
2387527
2363101
2402491
2403534
2378234
2392675
2345387
2410614
2359968
2413539
2404466
2371647
2365281
2398523
2385753
2404018
2393724
2400959
2361300
2345568
2408802
2402873
713673
2414564
2375051
2317792
2316083
2404206
2377851
2349017
2330091
2405577
2414414
2381982
2360559
2410119
2415569
2345570
2342917
2320178
2384060
285822
2396000
2365509
2317596
2403624
2394058
2320187
2392565
2355483
2334897
2402805
2384214
2386949
2335005
2380625
2393052
2352722
2354802
2318319
2351725
2355149
2383946
2390173
2350720
2368743
2328241
2325348
2372602
2411647
2412622
2170
2371487
2359046
2402931
2378078
2397798
2377097
2336530
2385264
2395054
2403017
713472
2400901
2381061
2413299
2363897
3477
2342050
2408381
2410043
150490
2377985
2400687
2397554
2318166
2390745
2392035
2410242
2344260
2388902
2369340
2352869
2390829
2398780
2391305
2381355
2386608
2372788
2409779
2392422
2361963
2378512
2336813
2354377
150452
2390471
2354098
2410259
2378719
2324489
2406103
2404613
2350702
2168
2380314
2400249
2343016
2411668
2404986
2345006
2358510
2380813
2354385
2335311
2380265
2398851
2371073
2374977
2388030
2407020
2378734
2349449
2371682
2390065
2375426
2363018
508
2410594
1159260
2327796
2395661
2389494
2404750
2331683
2366363
2394980
2401161
2399865
2355343
2414926
2364382
2344374
2337881
2346956
2364191
2383712
2383504
2386121
286069
2347458
2396301
2392128
2348382
2414859
2408706
498358
2349701
2323202
2360629
2370507
2345002
2342799
2390435
2351985
2388442
2400696
2366562
2343078
2391275
2379678
2324436
2372708
2390795
2351394
2377998
1591943
498019
2322220
2504
2380081
2385128
2387887
2408800
2350611
2378810
2319490
2376318
2399985
2396176
1614
2316559
2348722
2325748
2320623
1592769
2380039
2403383
2353129
2382396
2379517
2378767
2334660
2343596
2347094
3700
2394245
2323271
4360
285616
2362339
2341732
2342418
2380940
2402277
2350254
2406716
2398121
2366216
2364039
498207
2370948
2344501
2340377
2376868
4418
600
2360748
2390798
2396444
2352385
2352908
2315372
2292
2367829
2318963
2384594
2388340
2413238
2344514
2342911
2395846
2406015
2326240
2412190
2316773
2395795
2396077
2350359
2408664
2352698
2318892
1454
2396871
2383872
2392829
2408923
2378706
2369548
2322180
2356281
2351404
2321761
2336614
3479
2399197
2397214
2401203
2339126
2341565
2401717
2381839
2369197
2368955
2360064
2374729
2325255
2352273
2316584
2391922
2403223
1592977
2396202
2381595
2417501
2358496
2356968
2408469
2388265
2402536
2375842
285749
2336267
2366338
2404153
2382750
2412998
2355249
2362623
2380291
2362260
2355303
2357707
2388301
3601
2412335
2339617
2369505
2373990
2411207
2410734
2371855
2354160
2406860
2392957
2367501
2390177
2320061
2317013
2356432
2405805
2327139
2353453
2342927
2375340
2402998
2349128
2410479
2408142
2336747
2354774
2319797
2402385
2408710
2358004
2361213
2374874
2375741
2353818
2386040
2409649
2389117
2397474
2383653
2357079
2376769
2381624
2395119
2371840
2386036
2403391
2346854
2342060
2410999
2357783
2390624
2318246
2397815
2352098
2403915
2389769
2378282
2392615
2341466
1593144
2407890
2376726
2409155
2348072
2326294
2369424
2334407
2400846
4527
2372121
2335002
2347314
2392029
2376538
2385451
2386924
2409303
2388801
2348685
2403330
2386259
2398763
2379718
2340197
498002
2339812
2358119
2317030
2335108
2332981
2386663
2395254
2404804
2332399
2379812
2364168
2398825
2394751
2383832
2346443
2391954
2383202
2357655
2399491
2349948
2375373
2386942
2321128
2400723
2348335
2334002
2363064
2354239
2393604
4311
2404569
2341356
2361522
2354325
2389555
2345283
2357778
2319998
2396227
2334681
2373650
2378590
2390956
2318420
2346561
2396113
2364886
2316627
2356793
2343715
2398980
2399993
2373717
2409619
2385405
2402454
2343086
2349585
2408319
2338990
2403573
2318501
2388562
2403071
2379084
2358791
713813
2344317
1518
2342517
2321827
2352527
2407505
2403717
2401513
2383149
2376406
2385302
2385045
2360837
2383870
2364710
2324752
2355952
2381729
2385903
2413212
2354211
2378649
2346556
2411502
2408233
2375859
2390856
2402642
2382434
2385844
2398882
2384324
2366467
2319252
2372606
2404447
2365515
107910
3154
2412510
2404583
2396053
2380043
2354226
2367039
2352964
2346399
2380760
2362876
2410923
2402653
2346876
3173
2378347
2369974
2387316
2387449
2348326
2345022
2343271
2371312
2359803
2391748
2402692
2323343
2391675
2336038
2362926
2409965
2346570
2414925
2347402
2348554
2344795
2386667
2382025
2401626
2352587
2403864
2392334
2336738
2325199
2384314
2333576
2368985
2328902
2398516
2376215
1636
2384980
2378257
2386094
2409689
2413026
2408030
2362873
2372551
2389493
2346080
2379110
2383736
2390714
2398791
2394206
2402667
2367096
2404600
2344476
2405882
2344605
2412124
2342518
2321376
2359719
2368465
2368853
2390149
2412664
2386292
2410466
2351218
2394205
2380485
2359935
2354192
2349413
2393533
2375096
2384239
2399744
2412118
2350135
2370834
2388700
2375882
2322516
2411179
2333649
2406508
2397940
2379029
2318242
2353355
2324541
2400206
2376966
2377309
2326674
2351899
2391770
2349717
2319027
2368430
1510
2395086
2322354
2380702
2403543
2362754
2320451
2327147
150406
2359043
2385901
2384477
2342925
2407299
2358577
436
2356942
2317281
2402007
2387494
2386422
2404319
3511
2340386
2368105
2406925
2396717
2369390
2318035
2380032
2416198
2364811
2407546
2404656
2340433
2326603
2334350
2396641
2390873
2397109
2368692
2348754
2376885
2410411
2412854
2342473
2345685
2365296
633
2394781
2375044
2319608
2410490
2317284
2388276
2359087
2384857
2393443
2320217
2386693
2360602
2345393
2376379
2392445
2356208
2376233
2380769
2397540
2346771
2396801
1592170
2404328
2388988
2362838
2344502
2382175
2407575
498069
2336669
2324373
2390708
2389210
2380060
2343531
2364152
2404113
2391663
2346970
2390398
2315522
2364761
2367285
2359996
2355636
2379039
2392727
2401399
2390089
2346597
2317100
2381132
2380292
2373933
2377113
2400881
2321029
2412280
2354108
2316369
2349543
2317414
2350112
2390498
2318187
3457
2345339
2401098
3860
2358409
2395162
2358617
2335010
2353599
2344701
2362930
2357545
2345774
2376232
2359516
2325679
2402386
2323617
2322663
2369531
2369418
2329000
2359071
2378648
2366422
2336286
2315718
2317358
2370700
2317583
2398873
618
2384278
2410592
2383191
2348611
2380763
2362483
2368793
2388554
2348187
2342919
2361664
2352810
2344393
2412145
2402008
2380717
2410826
2344682
2370029
1160123
2366401
2380094
2352725
2387227
2396061
2407422
2416460
2372593
2388093
2362299
2404836
2409034
2360870
2345351
2324542
2322592
2404
2409213
2411735
2346875
2323268
2362253
2353705
2376403
2343868
2326848
2404383
2317451
2398464
2380767
2338365
2351867
2379305
2412446
2406500
2318163
2353587
2361786
2348724
2347445
713408
2352395
2328910
2318345
2342346
2408201
2340467
2368836
2397756
498138
2409815
2411092
2352306
2388350
2355286
2396059
2403091
2320586
4276
2326555
2328327
2318193
2357835
2402660
2376668
2324451
2409802
2410247
2374240
2380850
2400731
2349737
2410005
2368600
2382209
2391217
2404963
2408711
2336009
2404095
2407982
2320377
2354680
2366357
2401046
2395037
2338978
2400477
2327468
2340448
2348672
2355716
1592325
2342007
2378560
2376587
2404020
2382988
3209
2325751
2352356
2396240
285901
2354675
2354420
2357416
2322107
2413085
498391
2361431
2375915
2321165
2369716
2395968
2358947
2355298
2375022
2370000
2410777
1592541
2320574
2410682
2358223
2395971
2354718
2369182
2369123
2402759
2397826
2354272
1715
1159928
2354393
1707
2360324
2417
2323956
2371458
2318495
2328198
2345191
2350502
2409435
2383460
2358219
2365739
2400128
2363239
2317175
2406194
26
2346062
2363792
2320626
2411646
2347507
2347793
2404111
4012
2325718
2371274
1292
2361056
1593244
2389062
2416829
2355165
2392671
2343496
1592166
4398
2356593
2356035
2415717
2385156
2403666
2413247
2347554
2353914
2402092
2369630
2363241
